1 0 1 4 1 1 10 10 2 
1 0 1 4 1 1 10 10 2 
1 0 1 4 1 1 10 10 2 
1 0 1 4 1 1 10 10 2 
1 0 1 4 1 1 10 10 2 
1 0 1 4 1 1 10 10 2 
1 0 1 4 1 1 10 10 2 
1 0 1 4 1 1 10 10 2 
1 0 1 3 1 1 10 10 2 
1 0 1 3 1 1 10 10 2 
1 0 1 3 1 1 10 10 2 
1 0 1 3 1 1 10 10 2 
1 0 1 3 1 1 10 10 2 
1 0 1 3 1 1 10 10 2 
1 0 1 3 1 1 10 10 2 
1 0 1 3 1 1 10 10 2 
1 0 1 3 1 1 10 10 2 
1 0 1 3 1 1 10 10 2 
1 0 1 3 1 1 10 10 2 
1 0 1 3 1 1 10 10 2 
1 0 1 3 1 1 10 10 2 
1 0 1 3 1 1 10 10 2 
1 0 1 3 1 1 10 10 2 
1 0 1 2 1 1 10 10 2 
1 0 1 2 1 1 10 10 2 
1 0 1 2 1 1 10 10 2 
1 0 1 2 1 1 10 10 2 
1 0 1 2 1 1 10 10 2 
1 0 1 2 1 1 10 10 2 
1 0 1 2 1 1 10 10 2 
1 0 1 2 1 1 10 10 2 
1 0 1 2 1 1 10 10 2 
1 0 1 2 1 1 10 10 2 
1 0 1 2 1 1 10 10 2 
1 0 1 2 1 1 10 10 2 
1 0 1 2 1 1 10 10 2 
1 0 1 2 1 1 10 10 2 
1 0 1 2 1 1 10 10 2 
1 0 1 2 1 1 10 10 2 
1 0 1 2 1 1 10 10 2 
1 0 1 2 1 1 10 10 2 
1 0 1 2 1 1 10 10 2 
1 0 1 2 1 1 10 10 2 
1 0 0 2 1 1 10 10 2 
1 0 0 2 1 1 10 10 2 
1 0 0 2 1 1 10 10 2 
1 0 0 2 1 1 10 10 2 
1 0 0 2 1 1 10 10 2 
1 0 0 2 1 1 10 10 2 
1 0 0 2 1 1 10 10 2 
1 0 0 2 1 1 10 10 2 
1 0 0 2 1 1 10 10 2 
1 0 0 2 1 1 10 10 2 
1 0 0 2 1 1 10 10 2 
1 0 0 2 1 1 10 10 2 
1 0 0 2 1 1 10 10 2 
1 0 0 2 1 1 10 10 2 
1 0 0 2 1 1 10 10 2 
1 0 0 2 1 1 10 10 2 
1 0 0 2 1 1 10 10 2 
1 0 0 2 1 1 10 10 2 
1 0 0 2 1 1 10 10 2 
1 0 0 2 1 1 10 10 2 
1 0 0 2 1 1 10 10 2 
1 0 0 2 1 1 10 10 2 
1 0 0 2 1 1 10 10 2 
1 0 0 2 1 1 10 10 2 
1 0 0 2 1 1 10 10 2 
1 0 0 2 1 1 10 10 2 
1 0 0 2 1 1 10 10 2 
1 0 0 2 1 1 10 10 2 
1 0 0 2 1 1 10 10 2 
1 0 0 2 1 1 10 10 2 
1 0 0 2 1 1 10 10 2 
1 0 0 2 1 1 10 10 2 
1 0 0 2 1 1 10 10 2 
1 0 0 2 1 1 10 10 2 
1 0 0 2 1 1 10 10 2 
1 0 0 2 1 1 10 10 2 
1 0 0 2 1 1 10 10 2 
1 0 0 2 1 1 10 10 2 
1 0 0 2 1 1 10 10 2 
1 0 0 2 1 1 10 10 2 
1 0 0 2 1 1 10 10 2 
1 0 0 2 1 1 10 10 2 
1 0 0 2 1 1 10 10 2 
1 0 0 2 1 1 10 10 2 
1 0 0 2 1 1 10 10 2 
1 0 0 1 1 1 10 10 2 
1 0 0 1 1 1 10 10 2 
1 0 0 1 1 1 10 10 2 
1 0 0 1 1 1 10 10 2 
1 0 0 1 1 1 10 10 2 
1 0 0 1 1 1 10 10 2 
1 0 0 1 1 1 10 10 2 
1 0 0 1 1 1 10 10 2 
1 0 0 1 1 1 10 10 2 
1 0 0 1 1 1 10 10 2 
1 0 0 1 1 1 10 10 2 
1 0 0 1 1 1 10 10 2 
1 0 1 1 1 1 10 10 2 
1 0 1 1 1 1 10 10 2 
1 0 1 1 1 1 10 10 2 
1 0 1 1 1 1 10 10 2 
1 0 1 1 1 1 10 10 2 
1 0 1 1 1 1 10 10 2 
1 0 1 1 1 1 10 10 2 
1 0 1 1 1 1 10 10 2 
1 0 1 1 1 1 10 10 2 
1 0 0 1 1 1 10 10 2 
1 0 1 1 1 1 10 10 2 
1 0 1 2 1 1 10 10 2 
1 0 1 2 1 1 10 10 2 
1 0 1 2 1 1 10 10 2 
1 0 1 2 1 1 10 10 2 
1 0 1 2 1 1 10 10 2 
1 0 1 2 1 1 10 10 2 
1 0 1 2 1 1 10 10 2 
1 0 1 2 1 1 10 10 2 
1 0 1 2 1 1 10 10 2 
1 0 1 3 1 1 10 10 2 
1 0 1 3 1 1 10 10 2 
1 0 1 3 1 1 10 10 2 
1 0 1 3 1 1 10 10 2 
1 0 1 3 1 1 10 10 2 
1 0 1 3 1 1 10 10 2 
1 0 1 3 1 1 10 10 2 
1 0 1 3 1 1 10 10 2 
1 0 1 3 1 1 10 10 2 
1 0 1 3 1 1 10 10 2 
1 0 1 3 1 1 10 10 2 
1 0 1 3 1 1 10 10 2 
1 0 1 3 1 1 10 10 2 
1 0 1 3 1 1 10 10 2 
1 0 1 3 1 1 10 10 2 
1 0 1 3 1 1 10 10 2 
1 0 1 3 1 1 10 10 2 
1 0 1 3 1 1 10 10 2 
1 0 1 3 1 1 10 10 2 
1 0 1 3 1 1 10 10 2 
1 0 1 3 1 1 10 10 2 
1 0 1 3 1 1 10 10 2 
1 0 1 3 1 1 10 10 2 
1 0 1 3 1 1 10 10 2 
1 0 1 3 1 1 10 10 2 
1 0 1 3 1 1 10 10 2 
1 0 1 3 1 1 10 10 2 
1 0 1 3 1 1 10 10 2 
1 0 1 3 1 1 10 10 2 
1 0 1 3 1 1 10 10 2 
1 0 1 2 1 1 10 10 2 
1 0 1 2 1 1 10 10 2 
1 0 1 2 1 1 10 10 2 
1 0 1 2 1 1 10 10 2 
1 0 1 2 1 1 10 10 2 
1 0 1 2 1 1 10 10 2 
1 0 1 3 1 1 10 10 2 
1 0 1 3 1 1 10 10 2 
1 0 1 3 1 1 10 10 2 
1 0 1 3 1 1 10 10 2 
1 0 1 3 1 1 10 10 2 
1 0 1 3 1 1 10 10 2 
1 0 1 3 1 1 10 10 2 
1 0 1 3 1 1 10 10 2 
1 0 1 3 1 1 10 10 2 
1 0 1 3 1 1 10 10 2 
1 0 1 3 1 1 10 10 2 
1 0 1 3 1 1 10 10 2 
1 0 1 3 1 1 10 10 2 
1 0 1 3 1 1 10 10 2 
1 0 1 3 1 1 10 10 2 
1 0 1 3 1 1 10 10 2 
1 0 1 3 1 1 10 10 2 
1 0 1 3 1 1 10 10 2 
1 0 1 3 1 1 10 10 2 
1 0 1 3 1 1 10 10 2 
1 0 1 3 1 1 10 10 2 
1 0 1 3 1 1 10 10 2 
1 0 1 4 1 1 10 10 2 
1 0 1 4 1 1 10 10 2 
1 0 1 4 1 1 10 10 2 
1 0 1 4 1 1 10 10 2 
1 0 1 4 1 1 10 10 2 
1 0 1 4 1 1 10 10 2 
1 0 1 4 1 1 10 10 2 
1 0 1 4 1 1 10 10 2 
1 0 1 4 1 1 10 10 2 
1 0 1 4 1 1 10 10 2 
1 0 1 4 1 1 10 10 2 
1 0 1 4 1 1 10 10 2 
1 0 1 4 1 1 10 10 2 
1 0 1 4 1 1 10 10 2 
1 0 1 4 1 1 10 10 2 
1 0 1 4 1 1 10 10 2 
1 0 1 4 1 1 10 10 2 
1 0 1 4 1 1 10 10 2 
1 0 1 3 1 1 10 10 2 
1 0 1 3 1 1 10 10 2 
1 0 1 3 1 1 10 10 2 
1 0 1 3 1 1 10 10 2 
1 0 1 3 1 1 10 10 2 
1 0 1 3 1 1 10 10 2 
1 0 1 3 1 1 10 10 2 
1 0 1 3 1 1 10 10 2 
1 0 1 2 1 1 10 10 2 
1 0 1 2 1 1 10 10 2 
1 0 1 2 1 1 10 10 2 
1 0 1 2 1 1 10 10 2 
1 0 1 2 1 1 10 10 2 
1 0 1 2 1 1 10 10 2 
1 0 1 2 1 1 10 10 2 
1 0 1 2 1 1 10 10 2 
1 0 1 1 1 1 10 10 2 
1 0 1 1 1 1 10 10 2 
1 0 1 1 1 1 10 10 2 
1 0 1 1 1 1 10 10 2 
1 0 1 1 1 1 10 10 2 
1 0 1 1 1 1 10 10 2 
1 0 1 1 1 1 10 10 2 
1 0 1 1 1 1 10 10 2 
1 0 1 1 1 1 10 10 2 
1 0 1 2 1 1 10 10 2 
1 0 1 2 1 1 10 10 2 
1 0 1 2 1 1 10 10 2 
1 0 1 2 1 1 10 10 2 
1 0 1 2 1 1 10 10 2 
1 0 1 2 1 1 10 10 2 
1 0 1 2 1 1 10 10 2 
1 0 1 3 1 1 10 10 2 
1 0 1 3 1 1 10 10 2 
1 0 1 3 1 1 10 10 2 
1 0 1 3 1 1 10 10 2 
1 0 1 3 1 1 10 10 2 
1 0 1 3 1 1 10 10 2 
1 0 1 4 1 1 10 10 2 
1 0 1 4 1 1 10 10 2 
1 0 1 4 1 1 10 10 2 
1 0 1 4 1 1 10 10 2 
1 0 1 4 1 1 10 10 2 
1 0 1 4 1 1 10 10 2 
1 0 1 4 1 1 10 10 2 
1 0 1 4 1 1 10 10 2 
1 0 1 4 1 1 10 10 2 
1 0 1 4 1 1 10 10 2 
1 0 1 4 1 1 10 10 2 
1 0 1 4 1 1 10 10 2 
1 0 1 4 1 1 10 10 2 
1 0 1 5 1 1 10 10 2 
1 0 1 5 1 1 10 10 2 
1 0 1 5 1 1 10 10 2 
1 0 1 5 1 1 10 10 2 
1 0 1 5 1 1 10 10 2 
1 0 1 5 1 1 10 10 2 
1 0 1 5 1 1 10 10 2 
1 0 1 5 1 1 10 10 2 
1 0 1 5 1 1 10 10 2 
1 0 1 5 1 1 10 10 2 
1 0 1 5 1 1 10 10 2 
1 0 1 5 1 1 10 10 2 
1 0 1 5 1 1 10 10 2 
1 0 1 5 1 1 10 10 2 
1 0 1 5 1 1 10 10 2 
1 0 1 5 1 1 10 10 2 
1 0 1 5 1 1 10 10 2 
1 0 1 5 1 1 10 10 2 
1 0 1 5 1 1 10 10 2 
1 0 1 5 1 1 10 10 2 
1 0 1 6 1 1 10 10 3 
1 0 1 6 1 1 10 10 3 
1 0 1 6 1 1 10 10 3 
1 0 1 6 1 1 10 10 3 
1 0 1 6 1 1 10 10 3 
1 0 1 6 1 1 10 10 3 
1 0 1 6 1 1 10 10 3 
1 0 1 6 1 1 10 10 3 
1 0 1 6 1 1 10 10 3 
1 0 1 5 1 1 10 10 2 
1 0 1 5 1 1 10 10 2 
1 0 1 5 1 1 10 10 2 
1 0 1 5 1 1 10 10 2 
1 0 1 5 1 1 10 10 2 
1 0 1 5 1 1 10 10 2 
1 0 1 5 1 1 10 10 2 
1 0 1 5 1 1 10 10 2 
1 0 1 5 1 1 10 10 2 
1 0 1 5 1 1 10 10 2 
1 0 1 4 1 1 10 10 2 
1 0 1 4 1 1 10 10 2 
1 0 1 4 1 1 10 10 2 
1 0 1 4 1 1 10 10 2 
1 0 1 4 1 1 10 10 2 
1 0 1 4 1 1 10 10 2 
1 0 1 4 1 1 10 10 2 
1 0 1 3 1 1 10 10 2 
1 0 1 3 1 1 10 10 2 
1 0 1 3 1 1 10 10 2 
1 0 1 3 1 1 10 10 2 
1 0 1 3 1 1 10 10 2 
1 0 1 3 1 1 10 10 2 
1 0 1 3 1 1 10 10 2 
1 0 1 3 1 1 10 10 2 
1 0 1 3 1 1 10 10 2 
1 0 1 3 1 1 10 10 2 
1 0 1 2 1 1 10 10 2 
1 0 1 2 1 1 10 10 2 
1 0 1 2 1 1 10 10 2 
1 0 1 2 1 1 10 10 2 
1 0 1 2 1 1 10 10 2 
1 0 1 2 1 1 10 10 2 
1 0 1 2 1 1 10 10 2 
1 0 1 2 1 1 10 10 2 
1 0 1 2 1 1 10 10 2 
1 0 1 2 1 1 10 10 2 
1 0 1 2 1 1 10 10 2 
1 0 1 2 1 1 10 10 2 
1 0 1 2 1 1 10 10 2 
1 0 1 2 1 1 10 10 2 
1 0 1 2 1 1 10 10 2 
1 0 1 2 1 1 10 10 2 
1 0 1 2 1 1 10 10 2 
1 0 1 2 1 1 10 10 2 
1 0 1 2 1 1 10 10 2 
1 0 1 2 1 1 10 10 2 
1 0 1 2 1 1 10 10 2 
1 0 1 2 1 1 10 10 2 
1 0 1 2 1 1 10 10 2 
1 0 1 2 1 1 10 10 2 
1 0 1 2 1 1 10 10 2 
1 0 1 2 1 1 10 10 2 
1 0 1 2 1 1 10 10 2 
1 0 1 2 1 1 10 10 2 
1 0 1 2 1 1 10 10 2 
1 0 1 2 1 1 10 10 2 
1 0 1 2 1 1 10 10 2 
1 0 1 2 1 1 10 10 2 
1 0 1 2 1 1 10 10 2 
1 0 1 2 1 1 10 10 2 
1 0 1 2 1 1 10 10 2 
1 0 1 2 1 1 10 10 2 
1 0 1 2 1 1 10 10 2 
1 0 1 2 1 1 10 10 2 
1 0 1 2 1 1 10 10 2 
1 0 1 2 1 1 10 10 2 
1 0 1 2 1 1 10 10 2 
1 0 1 2 1 1 10 10 2 
1 0 1 2 1 1 10 10 2 
1 0 1 2 1 1 10 10 2 
1 0 1 2 1 1 10 10 2 
1 0 1 2 1 1 10 10 2 
1 0 1 2 1 1 10 10 2 
1 0 1 2 1 1 10 10 2 
1 0 1 2 1 1 10 10 2 
1 0 1 2 1 1 10 10 2 
1 0 1 2 1 1 10 10 2 
1 0 1 2 1 1 10 10 2 
1 0 1 2 1 1 10 10 2 
1 0 1 2 1 1 10 10 2 
1 0 1 2 1 1 10 10 2 
1 0 1 2 1 1 10 10 2 
1 0 1 3 1 1 10 10 2 
1 0 1 3 1 1 10 10 2 
1 0 1 3 1 1 10 10 2 
1 0 1 3 1 1 10 10 2 
1 0 1 3 1 1 10 10 2 
1 0 1 3 1 1 10 10 2 
1 0 1 3 1 1 10 10 2 
1 0 1 3 1 1 10 10 2 
1 0 1 3 1 1 10 10 2 
1 0 1 3 1 1 10 10 2 
1 0 1 3 1 1 10 10 2 
1 0 1 3 1 1 10 10 2 
1 0 1 3 1 1 10 10 2 
1 0 1 3 1 1 10 10 2 
1 0 1 3 1 1 10 10 2 
1 0 1 3 1 1 10 10 2 
1 0 1 3 1 1 10 10 2 
1 0 1 3 1 1 10 10 2 
1 0 1 2 1 1 10 10 2 
1 0 1 2 1 1 10 10 2 
1 0 1 2 1 1 10 10 2 
1 0 1 2 1 1 10 10 2 
1 0 1 2 1 1 10 10 2 
1 0 1 2 1 1 10 10 2 
1 0 1 2 1 1 10 10 2 
1 0 1 2 1 1 10 10 2 
1 0 1 2 1 1 10 10 2 
1 0 1 2 1 1 10 10 2 
1 0 1 2 1 1 10 10 2 
1 0 1 2 1 1 10 10 2 
1 0 1 2 1 1 10 10 2 
1 0 1 2 1 1 10 10 2 
1 0 1 2 1 1 10 10 2 
1 0 1 2 1 1 10 10 2 
1 0 1 2 1 1 10 10 2 
1 0 1 2 1 1 10 10 2 
1 0 1 2 1 1 10 10 2 
1 0 1 2 1 1 10 10 2 
1 0 1 2 1 1 10 10 2 
1 0 1 2 1 1 10 10 2 
1 0 1 2 1 1 10 10 2 
1 0 1 2 1 1 10 10 2 
1 0 1 2 1 1 10 10 2 
1 0 1 2 1 1 10 10 2 
1 0 1 2 1 1 10 10 2 
1 0 1 2 1 1 10 10 2 
1 0 1 2 1 1 10 10 2 
1 0 1 2 1 1 10 10 2 
1 0 1 2 1 1 10 10 2 
1 0 1 2 1 1 10 10 2 
1 0 1 2 1 1 10 10 2 
1 0 1 2 1 1 10 10 2 
1 0 1 2 1 1 10 10 2 
1 0 1 2 1 1 10 10 2 
1 0 1 2 1 1 10 10 2 
1 0 1 2 1 1 10 10 2 
1 0 1 2 1 1 10 10 2 
1 0 1 3 1 1 10 10 2 
1 0 1 3 1 1 10 10 2 
1 0 1 3 1 1 10 10 2 
1 0 1 3 1 1 10 10 2 
1 0 1 3 1 1 10 10 2 
1 0 1 3 1 1 10 10 2 
1 0 1 3 1 1 10 10 2 
1 0 1 3 1 1 10 10 2 
1 0 1 3 1 1 10 10 2 
1 0 1 3 1 1 10 10 2 
1 0 1 3 1 1 10 10 2 
1 0 1 3 1 1 10 10 2 
1 0 1 3 1 1 10 10 2 
1 0 1 3 1 1 10 10 2 
1 0 1 3 1 1 10 10 2 
1 0 1 3 1 1 10 10 2 
1 0 1 3 1 1 10 10 2 
1 0 1 3 1 1 10 10 2 
1 0 1 3 1 1 10 10 2 
1 0 1 3 1 1 10 10 2 
1 0 1 3 1 1 10 10 2 
1 0 1 3 1 1 10 10 2 
1 0 1 3 1 1 10 10 2 
1 0 1 3 1 1 10 10 2 
1 0 1 3 1 1 10 10 2 
1 0 1 3 1 1 10 10 2 
1 0 1 3 1 1 10 10 2 
1 0 1 3 1 1 10 10 2 
1 0 1 3 1 1 10 10 2 
1 0 1 3 1 1 10 10 2 
1 0 1 3 1 1 10 10 2 
1 0 1 3 1 1 10 10 2 
1 0 1 3 1 1 10 10 2 
1 0 1 3 1 1 10 10 2 
1 0 1 3 1 1 10 10 2 
1 0 1 3 1 1 10 10 2 
1 0 1 3 1 1 10 10 2 
1 0 1 3 1 1 10 10 2 
1 0 1 3 1 1 10 10 2 
1 0 1 3 1 1 10 10 2 
1 0 1 3 1 1 10 10 2 
1 0 1 3 1 1 10 10 2 
1 0 1 3 1 1 10 10 2 
1 0 1 3 1 1 10 10 2 
1 0 1 3 1 1 10 10 2 
1 0 1 3 1 1 10 10 2 
1 0 1 3 1 1 10 10 2 
1 0 1 3 1 1 10 10 2 
1 0 1 3 1 1 10 10 2 
1 0 1 3 1 1 10 10 2 
1 0 1 3 1 1 10 10 2 
1 0 1 3 1 1 10 10 2 
1 0 1 3 1 1 10 10 2 
1 0 1 3 1 1 10 10 2 
1 0 1 3 1 1 10 10 2 
1 0 1 3 1 1 10 10 2 
1 0 1 2 1 1 10 10 2 
1 0 1 2 1 1 10 10 2 
1 0 1 2 1 1 10 10 2 
1 0 1 2 1 1 10 10 2 
1 0 1 2 1 1 10 10 2 
1 0 1 2 1 1 10 10 2 
1 0 1 2 1 1 10 10 2 
1 0 1 2 1 1 10 10 2 
1 0 1 2 1 1 10 10 2 
1 0 1 2 1 1 10 10 2 
1 0 1 2 1 1 10 10 2 
1 0 1 2 1 1 10 10 2 
1 0 1 2 1 1 10 10 2 
1 0 1 2 1 1 10 10 2 
1 0 1 2 1 1 10 10 2 
1 0 1 2 1 1 10 10 2 
1 0 1 2 1 1 10 10 2 
1 0 1 2 1 1 10 10 2 
1 0 1 2 1 1 10 10 2 
1 0 1 2 1 1 10 10 2 
1 0 1 2 1 1 10 10 2 
1 0 1 2 1 1 10 10 2 
1 0 1 2 1 1 10 10 2 
1 0 1 2 1 1 10 10 2 
1 0 1 2 1 1 10 10 2 
1 0 1 2 1 1 10 10 2 
1 0 1 2 1 1 10 10 2 
1 0 1 2 1 1 10 10 2 
1 0 1 2 1 1 10 10 2 
1 0 1 2 1 1 10 10 2 
1 0 1 2 1 1 10 10 2 
1 0 1 2 1 1 10 10 2 
1 0 1 2 1 1 10 10 2 
1 0 1 2 1 1 10 10 2 
1 0 1 3 1 1 10 10 2 
1 0 1 3 1 1 10 10 2 
1 0 1 3 1 1 10 10 2 
1 0 1 3 1 1 10 10 2 
1 0 1 3 1 1 10 10 2 
1 0 1 3 1 1 10 10 2 
1 0 1 3 1 1 10 10 2 
1 0 1 4 1 1 10 10 2 
1 0 1 4 1 1 10 10 2 
1 0 1 4 1 1 10 10 2 
1 0 1 4 1 1 10 10 2 
1 0 1 4 1 1 10 10 2 
1 0 1 4 1 1 10 10 2 
1 0 1 4 1 1 10 10 2 
1 0 1 4 1 1 10 10 2 
1 0 1 5 1 1 10 10 2 
1 0 1 5 1 1 10 10 2 
1 0 1 5 1 1 10 10 2 
1 0 1 5 1 1 10 10 2 
1 0 1 5 1 1 10 10 2 
1 0 1 5 1 1 10 10 2 
1 0 1 5 1 1 10 10 2 
1 0 1 5 1 1 10 10 2 
1 0 1 5 1 1 10 10 2 
1 0 1 5 1 1 10 10 2 
1 0 1 5 1 1 10 10 2 
1 0 1 5 1 1 10 10 2 
1 0 1 5 1 1 10 10 2 
1 0 1 5 1 1 10 10 2 
1 0 1 5 1 1 10 10 2 
1 0 1 5 1 1 10 10 2 
1 0 1 5 1 1 10 10 2 
1 0 1 5 1 1 10 10 2 
1 0 1 5 1 1 10 10 2 
1 0 1 4 1 1 10 10 2 
1 0 1 4 1 1 10 10 2 
1 0 1 4 1 1 10 10 2 
1 0 1 4 1 1 10 10 2 
1 0 1 4 1 1 10 10 2 
1 0 1 4 1 1 10 10 2 
1 0 1 4 1 1 10 10 2 
1 0 1 4 1 1 10 10 2 
1 0 1 4 1 1 10 10 2 
1 0 1 4 1 1 10 10 2 
1 0 1 4 1 1 10 10 2 
1 0 1 4 1 1 10 10 2 
1 0 1 4 1 1 10 10 2 
1 0 1 4 1 1 10 10 2 
1 0 1 4 1 1 10 10 2 
1 0 1 4 1 1 10 10 2 
1 0 1 4 1 1 10 10 2 
1 0 1 4 1 1 10 10 2 
1 0 1 4 1 1 10 10 2 
1 0 1 4 1 1 10 10 2 
1 0 1 4 1 1 10 10 2 
1 0 1 3 1 1 10 10 2 
1 0 1 3 1 1 10 10 2 
1 0 1 3 1 1 10 10 2 
1 0 1 3 1 1 10 10 2 
1 0 1 3 1 1 10 10 2 
1 0 1 3 1 1 10 10 2 
1 0 1 3 1 1 10 10 2 
1 0 1 3 1 1 10 10 2 
1 0 1 3 1 1 10 10 2 
1 0 1 3 1 1 10 10 2 
1 0 1 3 1 1 10 10 2 
1 0 1 3 1 1 10 10 2 
1 0 1 3 1 1 10 10 2 
1 0 1 3 1 1 10 10 2 
1 0 1 2 1 1 10 10 2 
1 0 1 2 1 1 10 10 2 
1 0 1 2 1 1 10 10 2 
1 0 1 2 1 1 10 10 2 
1 0 1 2 1 1 10 10 2 
1 0 1 2 1 1 10 10 2 
1 0 1 2 1 1 10 10 2 
1 0 1 2 1 1 10 10 2 
1 0 1 2 1 1 10 10 2 
1 0 1 2 1 1 10 10 2 
1 0 1 2 1 1 10 10 2 
1 0 1 2 1 1 10 10 2 
1 0 1 2 1 1 10 10 2 
1 0 1 2 1 1 10 10 2 
1 0 1 2 1 1 10 10 2 
1 0 1 2 1 1 10 10 2 
1 0 1 2 1 1 10 10 2 
1 0 1 2 1 1 10 10 2 
1 0 1 2 1 1 10 10 2 
1 0 1 2 1 1 10 10 2 
1 0 1 2 1 1 10 10 2 
1 0 1 2 1 1 10 10 2 
1 0 1 2 1 1 10 10 2 
1 0 1 2 1 1 10 10 2 
1 0 1 2 1 1 10 10 2 
1 0 1 2 1 1 10 10 2 
1 0 1 1 1 1 10 10 2 
1 0 1 1 1 1 10 10 2 
1 0 1 1 1 1 10 10 2 
1 0 1 1 1 1 10 10 2 
1 0 1 1 1 1 10 10 2 
1 0 1 1 1 1 10 10 2 
1 0 1 1 1 1 10 10 2 
1 0 1 1 1 1 10 10 2 
1 0 1 1 1 1 10 10 2 
1 0 1 1 1 1 10 10 2 
1 0 1 1 1 1 10 10 2 
1 0 1 1 1 1 10 10 2 
1 0 1 1 1 1 10 10 2 
1 0 1 1 1 1 10 10 2 
1 0 1 1 1 1 10 10 2 
1 0 1 1 1 1 10 10 2 
1 0 1 1 1 1 10 10 2 
1 0 1 1 1 1 10 10 2 
1 0 1 1 1 1 10 10 2 
1 0 1 1 1 1 10 10 2 
1 0 1 1 1 1 10 10 2 
1 0 1 1 1 1 10 10 2 
1 0 1 1 1 1 10 10 2 
1 0 1 1 1 1 10 10 2 
1 0 1 1 1 1 10 10 2 
1 0 1 1 1 1 10 10 2 
1 0 1 1 1 1 10 10 2 
1 0 1 1 1 1 10 10 2 
1 0 1 1 1 1 10 10 2 
1 0 1 1 1 1 10 10 2 
1 0 1 1 1 1 10 10 2 
1 0 1 1 1 1 10 10 2 
1 0 1 1 1 1 10 10 2 
1 0 1 1 1 1 10 10 2 
1 0 1 1 1 1 10 10 2 
1 0 1 1 1 1 10 10 2 
1 0 1 1 1 1 10 10 2 
1 0 1 1 1 1 10 10 2 
1 0 1 1 1 1 10 10 2 
1 0 1 1 1 1 10 10 2 
1 0 1 1 1 1 10 10 2 
1 0 1 1 1 1 10 10 2 
1 0 1 1 1 1 10 10 2 
1 0 1 1 1 1 10 10 2 
1 0 1 1 1 1 10 10 2 
1 0 1 1 1 1 10 10 2 
1 0 1 1 1 1 10 10 2 
1 0 1 1 1 1 10 10 2 
1 0 1 1 1 1 10 10 2 
1 0 1 1 1 1 10 10 2 
1 0 1 1 1 1 10 10 2 
1 0 1 1 1 1 10 10 2 
1 0 1 1 1 1 10 10 2 
1 0 1 1 1 1 10 10 2 
1 0 1 1 1 1 10 10 2 
1 0 1 1 1 1 10 10 2 
1 0 1 1 1 1 10 10 2 
1 0 1 1 1 1 10 10 2 
1 0 1 1 1 1 10 10 2 
1 0 1 1 1 1 10 10 2 
1 0 1 1 1 1 10 10 2 
1 0 1 1 1 1 10 10 2 
1 0 1 1 1 1 10 10 2 
1 0 1 1 1 1 10 10 2 
1 0 1 1 1 1 10 10 2 
1 0 1 1 1 1 10 10 2 
1 0 1 1 1 1 10 10 2 
1 0 1 1 1 1 10 10 2 
1 0 1 1 1 1 10 10 2 
1 0 1 1 1 1 10 10 2 
1 0 1 1 1 1 10 10 2 
1 0 1 1 1 1 10 10 2 
1 0 1 1 1 1 10 10 2 
1 0 1 1 1 1 10 10 2 
1 0 1 1 1 1 10 10 2 
1 0 1 1 1 1 10 10 2 
1 0 1 1 1 1 10 10 2 
1 0 1 1 1 1 10 10 2 
1 0 1 1 1 1 10 10 2 
1 0 1 1 1 1 10 10 2 
1 0 1 1 1 1 10 10 2 
1 0 1 1 1 1 10 10 2 
1 0 1 1 1 1 10 10 2 
1 0 1 1 1 1 10 10 2 
1 0 1 1 1 1 10 10 2 
1 0 1 1 1 1 10 10 2 
1 0 1 1 1 1 10 10 2 
1 0 1 1 1 1 10 10 2 
1 0 1 1 1 1 10 10 2 
1 0 1 1 1 1 10 10 2 
1 0 1 1 1 1 10 10 2 
1 0 1 1 1 1 10 10 2 
1 0 1 1 1 1 10 10 2 
1 0 1 1 1 1 10 10 2 
1 0 1 1 1 1 10 10 2 
1 0 1 1 1 1 10 10 2 
1 0 1 1 1 1 10 10 2 
1 0 1 1 1 1 10 10 2 
1 0 1 1 1 1 10 10 2 
1 0 1 1 1 1 10 10 2 
1 0 1 1 1 1 10 10 2 
1 0 1 1 1 1 10 10 2 
1 0 1 1 1 1 10 10 2 
1 0 1 1 1 1 10 10 2 
1 0 1 1 1 1 10 10 2 
1 0 1 1 1 1 10 10 2 
1 0 1 1 1 1 10 10 2 
1 0 1 1 1 1 10 10 2 
1 0 1 1 1 1 10 10 2 
1 0 1 1 1 1 10 10 2 
1 0 1 1 1 1 10 10 2 
1 0 1 1 1 1 10 10 2 
1 0 1 1 1 1 10 10 2 
1 0 1 1 1 1 10 10 2 
1 0 1 1 1 1 10 10 2 
1 0 1 1 1 1 10 10 2 
1 0 1 1 1 1 10 10 2 
1 0 1 1 1 1 10 10 2 
1 0 1 1 1 1 10 10 2 
1 0 1 1 1 1 10 10 2 
1 0 1 1 1 1 10 10 2 
1 0 1 1 1 1 10 10 2 
1 0 1 1 1 1 10 10 2 
1 0 1 1 1 1 10 10 2 
1 0 1 1 1 1 10 10 2 
1 0 1 1 1 1 10 10 2 
1 0 1 1 1 1 10 10 2 
1 0 1 1 1 1 10 10 2 
1 0 1 1 1 1 10 10 2 
1 0 1 1 1 1 10 10 2 
1 0 1 1 1 1 10 10 2 
1 0 1 1 1 1 10 10 2 
1 0 1 1 1 1 10 10 2 
1 0 1 1 1 1 10 10 2 
1 0 1 1 1 1 10 10 2 
1 0 1 1 1 1 10 10 2 
1 0 1 1 1 1 10 10 2 
1 0 1 1 1 1 10 10 2 
1 0 1 1 1 1 10 10 2 
1 0 1 1 1 1 10 10 2 
1 0 1 1 1 1 10 10 2 
1 0 1 1 1 1 10 10 2 
1 0 1 1 1 1 10 10 2 
1 0 1 1 1 1 10 10 2 
1 0 1 1 1 1 10 10 2 
1 0 1 1 1 1 10 10 2 
1 0 1 1 1 1 10 10 2 
1 0 1 1 1 1 10 10 2 
1 0 1 1 1 1 10 10 2 
1 0 1 1 1 1 10 10 2 
1 0 1 1 1 1 10 10 2 
1 0 1 1 1 1 10 10 2 
1 0 1 1 1 1 10 10 2 
1 0 1 1 1 1 10 10 2 
1 0 1 1 1 1 10 10 2 
1 0 1 1 1 1 10 10 2 
1 0 1 1 1 1 10 10 2 
1 0 1 1 1 1 10 10 2 
1 0 1 1 1 1 10 10 2 
1 0 1 1 1 1 10 10 2 
1 0 1 1 1 1 10 10 2 
1 0 1 1 1 1 10 10 2 
1 0 1 1 1 1 10 10 2 
1 0 1 1 1 1 10 10 2 
1 0 1 1 1 1 10 10 2 
1 0 1 1 1 1 10 10 2 
1 0 1 1 1 1 10 10 2 
1 0 1 1 1 1 10 10 2 
1 0 1 1 1 1 10 10 2 
1 0 1 1 1 1 10 10 2 
1 0 1 1 1 1 10 10 2 
1 0 1 1 1 1 10 10 2 
1 0 1 1 1 1 10 10 2 
1 0 1 1 1 1 10 10 2 
1 0 1 1 1 1 10 10 2 
1 0 1 1 1 1 10 10 2 
1 0 1 1 1 1 10 10 2 
1 0 1 1 1 1 10 10 2 
1 0 1 1 1 1 10 10 2 
1 0 1 1 1 1 10 10 2 
1 0 1 1 1 1 10 10 2 
1 0 1 1 1 1 10 10 2 
1 0 1 1 1 1 10 10 2 
1 0 1 2 1 1 10 10 2 
1 0 1 2 1 1 10 10 2 
1 0 1 2 1 1 10 10 2 
1 0 1 2 1 1 10 10 2 
1 0 1 2 1 1 10 10 2 
1 0 1 2 1 1 10 10 2 
1 0 1 2 1 1 10 10 2 
1 0 1 2 1 1 10 10 2 
1 0 1 2 1 1 10 10 2 
1 0 1 2 1 1 10 10 2 
1 0 1 2 1 1 10 10 2 
1 0 1 2 1 1 10 10 2 
1 0 1 2 1 1 10 10 2 
1 0 1 2 1 1 10 10 2 
1 0 1 2 1 1 10 10 2 
1 0 1 2 1 1 10 10 2 
1 0 1 2 1 1 10 10 2 
1 0 1 2 1 1 10 10 2 
1 0 1 2 1 1 10 10 2 
1 0 1 2 1 1 10 10 2 
1 0 1 2 1 1 10 10 2 
1 0 1 2 1 1 10 10 2 
1 0 1 2 1 1 10 10 2 
1 0 1 2 1 1 10 10 2 
1 0 1 1 1 1 10 10 2 
1 0 1 1 1 1 10 10 2 
1 0 1 1 1 1 10 10 2 
1 0 1 1 1 1 10 10 2 
1 0 1 1 1 1 10 10 2 
1 0 1 1 1 1 10 10 2 
1 0 1 1 1 1 10 10 2 
1 0 1 1 1 1 10 10 2 
1 0 1 1 1 1 10 10 2 
1 0 1 1 1 1 10 10 2 
1 0 1 1 1 1 10 10 2 
1 0 1 1 1 1 10 10 2 
1 0 1 1 1 1 10 10 2 
1 0 1 1 1 1 10 10 2 
1 0 1 1 1 1 10 10 2 
1 0 1 1 1 1 10 10 2 
1 0 1 1 1 1 10 10 2 
1 0 1 1 1 1 10 10 2 
1 0 1 1 1 1 10 10 2 
1 0 1 1 1 1 10 10 2 
1 0 1 1 1 1 10 10 2 
1 0 1 1 1 1 10 10 2 
1 0 1 1 1 1 10 10 2 
1 0 1 1 1 1 10 10 2 
1 0 1 1 1 1 10 10 2 
1 0 1 1 1 1 10 10 2 
1 0 1 1 1 1 10 10 2 
1 0 1 1 1 1 10 10 2 
1 0 1 1 1 1 10 10 2 
1 0 1 1 1 1 10 10 2 
1 0 1 1 1 1 10 10 2 
1 0 1 1 1 1 10 10 2 
1 0 1 1 1 1 10 10 2 
1 0 1 1 1 1 10 10 2 
1 0 1 1 1 1 10 10 2 
1 0 1 1 1 1 10 10 2 
1 0 1 1 1 1 10 10 2 
1 0 1 1 1 1 10 10 2 
1 0 1 1 1 1 10 10 2 
1 0 1 1 1 1 10 10 2 
1 0 1 1 1 1 10 10 2 
1 0 1 1 1 1 10 10 2 
1 0 1 1 1 1 10 10 2 
1 0 1 1 1 1 10 10 2 
1 0 1 1 1 1 10 10 2 
1 0 1 1 1 1 10 10 2 
1 0 1 1 1 1 10 10 2 
1 0 1 1 1 1 10 10 2 
1 0 1 1 1 1 10 10 2 
1 0 1 1 1 1 10 10 2 
1 0 1 1 1 1 10 10 2 
1 0 1 1 1 1 10 10 2 
1 0 1 1 1 1 10 10 2 
1 0 1 1 1 1 10 10 2 
1 0 1 1 1 1 10 9 2 
1 0 1 1 1 1 10 9 2 
1 0 1 1 1 1 10 9 2 
1 0 1 1 1 1 10 9 2 
1 0 1 1 1 1 10 9 2 
1 0 1 1 1 1 10 9 2 
1 0 1 1 1 1 10 9 2 
1 0 1 1 1 1 10 9 2 
1 0 1 1 1 1 10 9 2 
1 0 1 1 1 1 10 9 2 
1 0 1 1 1 1 10 9 2 
1 0 1 1 1 1 10 9 2 
1 0 1 1 1 1 10 9 2 
1 0 1 1 1 1 10 10 2 
1 0 1 1 1 1 10 10 2 
1 0 1 1 1 1 10 10 2 
1 0 1 1 1 1 10 10 2 
1 0 1 1 1 1 10 10 2 
1 0 1 1 1 1 10 10 2 
1 0 1 1 1 1 10 10 2 
1 0 1 1 1 1 10 10 2 
1 0 1 1 1 1 10 10 2 
1 0 1 1 1 1 10 10 2 
1 0 1 1 1 1 10 10 2 
1 0 1 1 1 1 10 10 2 
1 0 1 1 1 1 10 10 2 
1 0 1 1 1 1 10 10 2 
1 0 1 1 1 1 10 10 2 
1 0 1 2 1 1 10 10 2 
1 0 1 2 1 1 10 10 2 
1 0 1 2 1 1 10 10 2 
1 0 1 2 1 1 10 10 2 
1 0 1 2 1 1 10 10 2 
1 0 1 2 1 1 10 10 2 
1 0 1 2 1 1 10 10 2 
1 0 1 2 1 1 10 10 2 
1 0 1 2 1 1 10 10 2 
1 0 1 2 1 1 10 10 2 
1 0 1 2 1 1 10 10 2 
1 0 1 2 1 1 10 10 2 
1 0 1 2 1 2 10 10 2 
1 0 1 2 1 2 10 10 2 
1 0 1 2 1 2 10 10 2 
1 0 1 2 1 2 10 10 2 
1 0 1 2 1 3 10 10 2 
1 0 1 2 1 3 10 10 2 
1 0 1 2 1 3 10 10 2 
1 0 1 2 1 3 10 10 2 
1 0 1 2 1 4 10 10 2 
1 0 1 2 1 4 10 10 2 
1 0 1 2 1 4 10 10 2 
1 0 1 2 1 4 10 10 2 
1 0 1 2 1 5 10 10 2 
1 0 1 2 1 5 10 10 2 
1 0 1 2 1 5 10 10 2 
1 0 1 2 1 5 10 10 2 
1 0 1 2 1 5 10 10 2 
1 0 1 2 1 6 10 10 3 
1 0 1 2 1 6 10 10 3 
1 0 1 2 1 6 10 10 3 
1 0 1 2 1 6 10 10 3 
1 0 1 2 1 6 10 10 3 
1 0 1 2 1 6 10 10 3 
1 0 1 2 1 6 10 10 3 
1 0 1 2 1 6 10 10 3 
1 0 1 2 1 7 10 10 3 
1 0 1 2 1 7 10 10 3 
1 0 1 2 1 7 10 10 3 
1 0 1 2 1 7 10 10 3 
1 0 1 2 1 7 10 10 3 
1 0 1 2 1 7 10 10 3 
1 0 1 2 1 7 10 10 3 
1 0 1 2 1 7 10 10 3 
1 0 1 2 1 7 10 10 3 
1 0 1 2 1 7 10 10 3 
1 0 1 2 1 7 10 10 3 
1 0 1 2 1 6 10 10 3 
1 0 1 2 1 6 10 10 3 
1 0 1 2 1 6 10 10 3 
1 0 1 2 1 6 10 10 3 
1 0 1 2 1 5 10 10 2 
1 0 1 3 1 5 10 10 2 
1 0 1 3 1 5 10 10 2 
1 0 1 3 1 4 10 10 2 
1 0 1 3 1 4 10 10 2 
1 0 1 3 1 3 10 10 2 
1 0 1 3 1 3 10 10 2 
1 0 1 3 1 3 10 10 2 
1 0 1 3 1 3 10 10 2 
1 0 1 3 1 2 10 10 2 
1 0 1 3 1 2 10 10 2 
1 0 1 3 1 2 10 10 2 
1 0 1 3 1 2 10 10 2 
1 0 1 4 1 2 10 10 2 
1 0 1 4 1 2 10 10 2 
1 0 1 4 1 2 10 10 2 
1 0 1 4 1 2 10 10 2 
1 0 1 4 1 2 10 10 2 
1 0 1 4 1 2 10 10 2 
1 0 1 4 1 2 10 10 2 
1 0 1 4 1 2 10 10 2 
1 0 1 4 1 2 10 10 2 
1 0 1 4 1 2 10 10 2 
1 0 1 4 1 2 10 10 2 
1 0 1 4 1 2 10 10 2 
1 0 1 4 1 2 10 10 2 
1 0 1 4 1 2 10 10 2 
1 0 1 4 1 1 10 10 2 
1 0 1 5 1 1 10 10 2 
1 0 1 5 1 1 10 10 2 
1 0 1 5 1 1 10 10 2 
1 0 1 5 1 1 10 10 2 
1 0 1 5 1 1 10 10 2 
1 0 1 5 1 1 10 10 2 
1 0 1 5 1 1 10 10 2 
1 0 1 5 1 1 10 10 2 
1 0 1 5 1 1 10 10 2 
1 0 1 5 1 1 10 10 2 
1 0 1 5 1 1 10 10 2 
1 0 1 5 1 1 10 10 2 
1 0 1 5 1 1 10 10 2 
1 0 1 5 1 1 10 10 2 
1 0 1 5 1 1 10 10 2 
1 0 1 5 1 1 10 10 2 
1 0 1 5 1 1 10 10 2 
1 0 1 5 1 1 10 10 2 
1 0 1 5 1 1 10 10 2 
1 0 1 5 1 1 10 10 2 
1 0 1 5 1 1 10 10 2 
1 0 1 5 1 1 10 10 2 
1 0 1 5 1 1 10 10 2 
1 0 1 5 1 1 10 10 2 
1 0 1 5 1 1 10 10 2 
1 0 1 5 1 1 10 10 2 
1 0 1 5 1 1 10 10 2 
1 0 1 5 1 2 10 10 2 
1 0 1 5 1 2 10 10 2 
1 0 1 5 1 2 10 10 2 
1 0 1 5 1 2 10 10 2 
1 0 1 5 1 2 10 10 2 
1 0 1 5 1 2 10 10 2 
1 0 1 5 1 2 10 10 2 
1 0 1 5 1 2 10 10 2 
1 0 1 5 1 2 10 10 2 
1 0 1 5 1 3 10 10 2 
1 0 1 5 1 3 10 10 2 
1 0 1 5 1 3 10 10 2 
1 0 1 5 1 3 10 10 2 
1 0 1 5 1 4 10 10 2 
1 0 1 5 1 4 10 10 2 
1 0 1 4 1 4 10 10 2 
1 0 1 4 1 4 10 10 2 
1 0 1 4 1 4 10 10 2 
1 0 1 4 1 5 10 10 2 
1 0 1 4 1 5 10 10 2 
1 0 1 4 1 5 10 10 2 
1 0 1 4 1 5 10 10 2 
1 0 1 4 1 5 10 10 2 
1 0 1 4 1 5 10 10 2 
1 0 1 4 1 5 10 10 2 
1 0 1 4 1 5 10 10 2 
1 0 1 4 1 5 10 10 2 
1 0 1 4 1 5 10 10 2 
1 0 1 4 1 5 10 10 2 
1 0 1 4 1 4 10 10 2 
1 0 1 4 1 4 10 10 2 
1 0 1 4 1 4 10 10 2 
1 0 1 4 1 4 10 10 2 
1 0 1 4 1 3 10 10 2 
1 0 1 5 1 3 10 10 2 
1 0 1 5 1 3 10 10 2 
1 0 1 5 1 3 10 10 2 
1 0 1 5 1 3 10 10 2 
1 0 1 5 1 2 10 10 2 
1 0 1 6 1 2 10 10 3 
1 0 1 6 1 2 10 10 3 
1 0 1 6 1 2 10 10 3 
1 0 1 6 1 2 10 10 3 
1 0 1 6 1 2 10 10 3 
1 0 1 6 1 2 10 10 3 
1 0 1 6 1 2 10 10 3 
1 0 1 7 1 2 10 10 3 
1 0 1 7 1 2 10 10 3 
1 0 1 7 1 2 10 10 3 
1 0 1 7 1 2 10 10 3 
1 0 1 7 1 2 10 10 3 
1 0 1 7 1 2 10 10 3 
1 0 1 7 1 2 10 10 3 
1 0 1 7 1 2 10 10 3 
1 0 1 7 1 2 10 10 3 
1 0 1 7 1 2 10 10 3 
1 0 1 7 1 2 10 10 3 
1 0 1 7 1 2 10 10 3 
1 0 1 7 1 2 10 10 3 
1 0 1 7 1 2 10 10 3 
1 0 1 7 1 2 10 10 3 
1 0 1 7 1 2 10 10 3 
1 0 1 7 1 2 10 10 3 
1 0 1 7 1 2 10 10 3 
1 0 1 7 1 2 10 10 3 
1 0 1 7 1 2 10 10 3 
1 0 1 7 1 2 10 10 3 
1 0 1 7 1 2 10 10 3 
1 0 1 7 1 2 10 10 3 
1 0 1 7 1 2 10 10 3 
1 0 1 7 1 1 10 10 3 
1 0 1 7 1 1 10 10 3 
1 0 1 7 1 1 10 10 3 
1 0 1 7 1 1 10 10 3 
1 0 1 7 1 1 10 10 3 
1 0 1 6 1 1 10 10 3 
1 0 1 6 1 1 10 10 3 
1 0 1 6 1 1 10 10 3 
1 0 1 6 1 1 10 10 3 
1 0 1 6 1 1 10 10 3 
1 0 1 6 1 1 10 10 3 
1 0 1 6 1 1 10 10 3 
1 0 1 6 1 1 10 10 3 
1 0 1 6 1 1 10 10 3 
1 0 1 6 1 1 10 10 3 
1 0 1 6 1 1 10 10 3 
1 0 1 6 1 1 10 10 3 
1 0 1 6 1 1 10 10 3 
1 0 1 6 1 1 10 10 3 
1 0 1 6 1 1 10 10 3 
1 0 1 6 1 1 10 10 3 
1 0 1 7 1 1 10 10 3 
1 0 1 7 1 1 10 10 3 
1 0 1 7 1 1 10 10 3 
1 0 1 7 1 1 10 10 3 
1 0 1 7 1 1 10 10 3 
1 0 1 7 1 1 10 10 3 
1 0 1 7 1 1 10 10 3 
1 0 1 6 1 1 10 10 3 
1 0 1 6 1 1 10 10 3 
1 0 1 6 1 1 10 10 3 
1 0 1 6 1 1 10 10 3 
1 0 1 6 1 1 10 10 3 
1 0 1 6 1 1 10 10 3 
1 0 1 6 1 1 10 10 3 
1 0 1 6 1 1 10 10 3 
1 0 1 6 1 1 10 10 3 
1 0 1 6 1 1 10 10 3 
1 0 1 6 1 1 10 10 3 
1 0 1 6 1 1 10 10 3 
1 0 1 6 1 1 10 10 3 
1 0 1 6 1 1 10 10 3 
1 0 1 6 1 1 10 10 3 
1 0 1 6 1 1 10 10 3 
1 0 1 6 1 1 10 10 3 
1 0 1 6 1 1 10 10 3 
1 0 1 6 1 1 10 10 3 
1 0 1 6 1 1 10 10 3 
1 0 1 6 1 1 10 10 3 
1 0 1 6 1 1 10 10 3 
1 0 1 6 1 1 10 10 3 
1 0 1 6 1 1 10 10 3 
1 0 1 6 1 1 10 10 3 
1 0 1 6 1 1 10 10 3 
1 0 1 6 1 1 10 10 3 
1 0 1 6 1 1 10 10 3 
1 0 1 6 1 1 10 10 3 
1 0 1 6 1 1 10 10 3 
1 0 1 6 1 1 10 10 3 
1 0 1 6 1 1 10 10 3 
1 0 1 6 1 1 10 10 3 
1 0 1 6 1 2 10 10 3 
1 0 1 7 1 2 10 10 3 
1 0 1 7 1 2 10 10 3 
1 0 1 7 1 2 10 10 3 
1 0 1 7 1 2 10 10 3 
1 0 1 7 1 2 10 10 3 
1 0 1 7 1 2 10 10 3 
1 0 1 7 1 2 10 10 3 
1 0 1 7 1 2 10 10 3 
1 0 1 7 1 2 10 10 3 
1 0 1 7 1 2 10 10 3 
1 0 1 7 1 2 10 10 3 
1 0 1 7 1 2 10 10 3 
1 0 1 7 1 2 10 10 3 
1 0 1 7 1 2 10 10 3 
1 0 1 7 1 2 10 10 3 
1 0 1 7 1 2 10 10 3 
1 0 1 7 1 2 10 10 3 
1 0 1 8 1 2 10 10 3 
1 0 1 8 1 2 10 10 3 
1 0 1 8 1 2 10 10 3 
1 0 1 8 1 2 10 10 3 
1 0 1 8 1 2 10 10 3 
1 0 1 8 1 2 10 10 3 
1 0 1 8 1 2 10 10 3 
1 0 1 8 1 2 10 10 3 
1 0 1 8 1 2 10 10 3 
1 0 1 8 1 2 10 10 3 
1 0 1 8 1 2 10 10 3 
1 0 1 8 1 2 10 10 3 
1 0 1 8 1 2 10 10 3 
1 0 1 8 1 2 10 10 3 
1 0 1 8 1 2 10 10 3 
1 0 1 8 1 2 10 10 3 
1 0 1 8 1 2 10 10 3 
1 0 1 8 1 2 10 10 3 
1 0 1 8 1 2 10 10 3 
1 0 1 8 1 2 10 10 3 
1 0 1 8 1 2 10 10 3 
1 0 1 8 1 2 10 10 3 
1 0 1 8 1 2 10 10 3 
1 0 1 8 1 2 10 10 3 
1 0 1 8 1 2 10 10 3 
1 0 1 8 1 2 10 10 3 
1 0 1 8 1 2 10 10 3 
1 0 1 8 1 2 10 10 3 
1 0 1 8 1 2 10 10 3 
1 0 1 8 1 2 10 10 3 
1 0 1 8 1 2 10 10 3 
1 0 1 8 1 2 10 10 3 
1 0 1 8 1 2 10 10 3 
1 0 1 8 1 2 10 10 3 
1 0 1 8 1 2 10 10 3 
1 0 1 8 1 2 10 10 3 
1 0 1 8 1 2 10 10 3 
1 0 1 8 1 2 10 10 3 
1 0 1 8 1 2 10 10 3 
1 0 1 8 1 2 10 10 3 
1 0 1 8 1 2 10 10 3 
1 0 1 8 1 2 10 10 3 
1 0 1 8 1 2 10 10 3 
1 0 1 8 1 2 10 10 3 
1 0 1 8 1 2 10 10 3 
1 0 1 8 1 2 10 10 3 
1 0 1 8 1 2 10 10 3 
1 0 1 8 1 2 10 10 3 
1 0 1 8 1 2 10 10 3 
1 0 1 8 1 2 10 10 3 
1 0 1 8 1 2 10 10 3 
1 0 1 8 1 2 10 10 3 
1 0 1 8 1 2 10 10 3 
1 0 1 8 1 2 10 10 3 
1 0 1 8 1 2 10 10 3 
1 0 1 8 1 2 10 10 3 
1 0 1 8 1 2 10 10 3 
1 0 1 8 1 2 10 10 3 
1 0 1 8 1 2 10 10 3 
1 0 1 8 1 2 10 10 3 
1 0 1 8 1 2 10 10 3 
1 0 1 8 1 2 10 10 3 
1 0 1 8 1 2 10 10 3 
1 0 1 8 1 2 10 10 3 
1 0 1 8 1 2 10 10 3 
1 0 1 8 1 2 10 10 3 
1 0 1 8 1 2 10 10 3 
1 0 1 8 1 2 10 10 3 
1 0 1 8 1 2 10 10 3 
1 0 1 8 1 2 10 10 3 
1 0 1 8 1 2 10 10 3 
1 0 1 8 1 2 10 10 3 
1 0 1 8 1 2 10 10 3 
1 0 1 8 1 2 10 10 3 
1 0 1 8 1 2 10 10 3 
1 0 1 8 1 2 10 10 3 
1 0 1 8 1 2 10 10 3 
1 0 1 8 1 2 10 10 3 
1 0 1 8 1 2 10 10 3 
1 0 1 8 1 2 10 10 3 
1 0 1 8 1 2 10 10 3 
1 0 1 8 1 2 10 10 3 
1 0 1 8 1 2 10 10 3 
1 0 1 8 1 2 10 10 3 
1 0 1 8 1 2 10 10 3 
1 0 1 8 1 2 10 10 3 
1 0 1 8 1 2 10 10 3 
1 0 1 8 1 2 10 10 3 
1 0 1 8 1 2 10 10 3 
1 0 1 8 1 2 10 10 3 
1 0 1 8 1 2 10 10 3 
1 0 1 8 1 2 10 10 3 
1 0 1 7 1 2 10 10 3 
1 0 1 7 1 1 10 10 3 
1 0 1 7 1 1 10 10 3 
1 0 1 7 1 1 10 10 3 
1 0 1 7 1 1 10 10 3 
1 0 1 7 1 1 10 10 3 
1 0 1 7 1 1 10 10 3 
1 0 1 7 1 1 10 10 3 
1 0 1 7 1 1 10 10 3 
1 0 1 7 1 1 10 10 3 
1 0 1 7 1 1 10 10 3 
1 0 1 7 1 1 10 10 3 
1 0 1 7 1 1 10 10 3 
1 0 1 7 1 1 10 10 3 
1 0 1 7 1 1 10 10 3 
1 0 1 7 1 1 10 10 3 
1 0 1 6 1 1 10 10 3 
1 0 1 6 1 1 10 10 3 
1 0 1 6 1 1 10 10 3 
1 0 1 6 1 1 10 10 3 
1 0 1 6 1 1 10 10 3 
1 0 1 6 1 1 10 10 3 
1 0 1 6 1 1 10 10 3 
1 0 1 6 1 1 10 10 3 
1 0 1 6 1 1 10 10 3 
1 0 1 6 1 1 10 10 3 
1 0 1 6 1 1 10 10 3 
1 0 1 6 1 1 10 10 3 
1 0 1 6 1 1 10 10 3 
1 0 1 6 1 1 10 10 3 
1 0 1 6 1 1 10 10 3 
1 0 1 6 1 1 10 10 3 
1 0 1 6 1 1 10 10 3 
1 0 1 6 1 1 10 10 3 
1 0 1 6 1 1 10 10 3 
1 0 1 6 1 1 10 10 3 
1 0 1 6 1 1 10 10 3 
1 0 1 6 1 1 10 10 3 
1 0 1 6 1 1 10 10 3 
1 0 1 6 1 1 10 10 3 
1 0 1 6 1 1 10 10 3 
1 0 1 6 1 1 10 10 3 
1 0 1 6 1 1 10 10 3 
1 0 1 6 1 1 10 10 3 
1 0 1 6 1 1 10 10 3 
1 0 1 6 1 1 10 10 3 
1 0 1 6 1 1 10 10 3 
1 0 1 6 1 1 10 10 3 
1 0 1 6 1 1 10 10 3 
1 0 1 6 1 1 10 10 3 
1 0 1 6 1 1 10 10 3 
1 0 1 5 1 1 10 10 2 
1 0 1 5 1 1 10 10 2 
1 0 1 5 1 1 10 10 2 
1 0 1 5 1 1 10 10 2 
1 0 1 5 1 1 10 10 2 
1 0 1 5 1 1 10 10 2 
1 0 1 5 1 1 10 10 2 
1 0 1 5 1 1 10 10 2 
1 0 1 5 1 1 10 10 2 
1 0 1 5 1 1 10 10 2 
1 0 1 5 1 1 10 10 2 
1 0 1 5 1 1 10 10 2 
1 0 1 5 1 1 10 10 2 
1 0 1 5 1 1 10 10 2 
1 0 1 5 1 1 10 10 2 
1 0 1 5 1 1 10 10 2 
1 0 1 5 1 1 10 10 2 
1 0 1 5 1 1 10 10 2 
1 0 1 5 1 1 10 10 2 
1 0 1 4 1 1 10 10 2 
1 0 1 4 1 1 10 10 2 
1 0 1 4 1 1 10 10 2 
1 0 1 4 1 1 10 10 2 
1 0 1 4 1 1 10 10 2 
1 0 1 4 1 1 10 10 2 
1 0 1 4 1 1 10 10 2 
1 0 1 4 1 1 10 10 2 
1 0 1 4 1 1 10 10 2 
1 0 1 4 1 1 10 10 2 
1 0 1 4 1 1 10 10 2 
1 0 1 4 1 1 10 10 2 
1 0 1 4 1 1 10 10 2 
1 0 1 4 1 1 10 10 2 
1 0 1 4 1 1 10 10 2 
1 0 1 4 1 1 10 10 2 
1 0 1 4 1 1 10 10 2 
1 0 1 4 1 1 10 10 2 
1 0 1 4 1 1 10 10 2 
1 0 1 4 1 1 10 10 2 
1 0 1 4 1 1 10 10 2 
1 0 1 4 1 1 10 10 2 
1 0 1 4 1 2 10 10 2 
1 0 1 4 1 2 10 10 2 
1 0 1 4 1 2 10 10 2 
1 0 1 4 1 2 10 10 2 
1 0 1 4 1 2 10 10 2 
1 0 1 3 1 2 10 10 2 
1 0 1 3 1 2 10 10 2 
1 0 1 3 1 2 10 10 2 
1 0 1 3 1 2 10 10 2 
1 0 1 3 1 2 10 10 2 
1 0 1 3 1 2 10 10 2 
1 0 1 3 1 2 10 10 2 
1 0 1 3 1 2 10 10 2 
1 0 1 3 1 2 10 10 2 
1 0 1 3 1 2 10 10 2 
1 0 1 3 1 2 10 10 2 
1 0 1 3 1 2 10 10 2 
1 0 1 3 1 2 10 10 2 
1 0 1 3 1 2 10 10 2 
1 0 1 3 1 2 10 10 2 
1 0 1 3 1 2 10 10 2 
1 0 1 3 1 2 10 10 2 
1 0 1 3 1 2 10 10 2 
1 0 1 3 1 2 10 10 2 
1 0 1 3 1 2 10 10 2 
1 0 1 3 1 2 10 10 2 
1 0 1 3 1 2 10 10 2 
1 0 1 3 1 2 10 10 2 
1 0 1 3 1 2 10 10 2 
1 0 1 3 1 2 10 10 2 
1 0 1 3 1 2 10 10 2 
1 0 1 3 1 2 10 10 2 
1 0 1 3 1 2 10 10 2 
1 0 1 3 1 2 10 10 2 
1 0 1 3 1 2 10 10 2 
1 0 1 3 1 2 10 10 2 
1 0 1 3 1 2 10 10 2 
1 0 1 3 1 1 10 10 2 
1 0 1 3 1 1 10 10 2 
1 0 1 3 1 1 10 10 2 
1 0 1 3 1 1 10 10 2 
1 0 1 4 1 1 10 10 2 
1 0 1 4 1 1 10 10 2 
1 0 1 4 1 1 10 10 2 
1 0 1 4 1 1 10 10 2 
1 0 1 4 1 1 10 10 2 
1 0 1 4 1 1 10 10 2 
1 0 1 4 1 1 10 10 2 
1 0 1 4 1 1 10 10 2 
1 0 1 4 1 1 10 10 2 
1 0 1 4 1 1 10 10 2 
1 0 1 4 1 1 10 10 2 
1 0 1 4 1 1 10 10 2 
1 0 1 4 1 1 10 10 2 
1 0 1 4 1 1 10 10 2 
1 0 1 4 1 1 10 10 2 
1 0 1 4 1 1 10 10 2 
1 0 1 4 1 1 10 10 2 
1 0 1 4 1 1 10 10 2 
1 0 1 4 1 1 10 10 2 
1 0 1 4 1 1 10 10 2 
1 0 1 4 1 1 10 10 2 
1 0 1 4 1 1 10 10 2 
1 0 1 4 1 1 10 10 2 
1 0 1 4 1 1 10 10 2 
1 0 1 4 1 1 10 10 2 
1 0 1 4 1 1 10 10 2 
1 0 1 4 1 1 10 10 2 
1 0 1 4 1 1 10 10 2 
1 0 1 4 1 1 10 10 2 
1 0 1 5 1 1 10 10 2 
1 0 1 5 1 1 10 10 2 
1 0 1 5 1 1 10 10 2 
1 0 1 5 1 1 10 10 2 
1 0 1 5 1 1 10 10 2 
1 0 1 5 1 1 10 10 2 
1 0 1 5 1 1 10 10 2 
1 0 1 5 1 1 10 10 2 
1 0 1 5 1 1 10 10 2 
1 0 1 5 1 1 10 10 2 
1 0 1 5 1 1 10 10 2 
1 0 1 5 1 1 10 10 2 
1 0 1 5 1 1 10 10 2 
1 0 1 5 1 1 10 10 2 
1 0 1 5 1 1 10 10 2 
1 0 1 5 1 1 10 10 2 
1 0 1 5 1 1 10 10 2 
1 0 1 5 1 1 10 10 2 
1 0 1 5 1 1 10 10 2 
1 0 1 5 1 1 10 9 2 
1 0 1 5 1 1 10 9 2 
1 0 1 5 1 1 10 9 2 
1 0 1 5 1 1 10 9 2 
1 0 1 5 1 1 9 9 2 
1 0 1 5 1 1 9 9 2 
1 0 1 5 1 1 9 9 2 
1 0 1 5 1 1 9 9 2 
1 0 1 5 1 1 9 9 2 
1 0 1 5 1 1 9 9 2 
1 0 1 5 1 1 9 9 2 
1 0 1 5 1 1 10 9 2 
1 0 1 5 1 1 10 9 2 
1 0 1 5 1 1 10 9 2 
1 0 1 5 1 1 10 9 2 
1 0 1 4 1 1 10 10 2 
1 0 1 4 1 1 10 10 2 
1 0 1 4 1 1 10 10 2 
1 0 1 4 1 1 10 10 2 
1 0 1 4 1 1 10 10 2 
1 0 1 4 1 1 10 10 2 
1 0 1 4 1 1 10 10 2 
1 0 1 4 1 1 10 10 2 
1 0 1 4 1 1 10 10 2 
1 0 1 4 1 1 10 10 2 
1 0 1 4 1 1 10 10 2 
1 0 1 4 1 1 10 10 2 
1 0 1 4 1 1 10 10 2 
1 0 1 4 1 1 10 10 2 
1 0 1 4 1 2 10 10 2 
1 0 1 4 1 2 10 10 2 
1 0 1 4 1 2 10 10 2 
1 0 1 4 1 2 10 10 2 
1 0 1 4 1 2 10 10 2 
1 0 1 4 1 2 10 10 2 
1 0 1 4 1 2 10 10 2 
1 0 1 4 1 2 10 10 2 
1 0 1 4 1 2 10 10 2 
1 0 1 4 1 2 10 10 2 
1 0 1 4 1 2 10 10 2 
1 0 1 4 1 2 10 10 2 
1 0 1 4 1 2 10 10 2 
1 0 1 4 1 2 10 10 2 
1 0 1 4 1 2 10 10 2 
1 0 1 4 1 2 10 10 2 
1 0 1 4 1 2 10 10 2 
1 0 1 4 1 2 10 10 2 
1 0 1 4 1 2 10 10 2 
1 0 1 4 1 2 10 10 2 
1 0 1 4 1 2 10 10 2 
1 0 1 4 1 2 10 10 2 
1 0 1 4 1 2 10 10 2 
1 0 1 4 1 2 10 10 2 
1 0 1 4 1 2 10 10 2 
1 0 1 4 1 2 10 10 2 
1 0 1 4 1 2 10 10 2 
1 0 1 4 1 2 10 10 2 
1 0 1 4 1 2 10 10 2 
1 0 1 4 1 2 10 10 2 
1 0 1 4 1 2 10 10 2 
1 0 1 4 1 2 10 10 2 
1 0 1 4 1 2 10 10 2 
1 0 1 4 1 2 10 10 2 
1 0 1 4 1 2 10 10 2 
1 0 1 4 1 2 10 10 2 
1 0 1 4 1 2 10 10 2 
1 0 1 4 1 2 10 10 2 
1 0 1 4 1 2 10 10 2 
1 0 1 4 1 2 10 10 2 
1 0 1 4 1 2 10 10 2 
1 0 1 4 1 2 10 10 2 
1 0 1 4 1 2 10 10 2 
1 0 1 4 1 2 10 10 2 
1 0 1 4 1 2 10 10 2 
1 0 1 4 1 2 10 10 2 
1 0 1 4 1 2 10 10 2 
1 0 1 4 1 2 10 10 2 
1 0 1 4 1 2 10 10 2 
1 0 1 4 1 2 10 10 2 
1 0 1 4 1 2 10 10 2 
1 0 1 4 1 3 10 10 2 
1 0 1 4 1 3 10 10 2 
1 0 1 4 1 3 10 10 2 
1 0 1 4 1 3 10 10 2 
1 0 1 4 1 3 10 10 2 
1 0 1 4 1 3 10 10 2 
1 0 1 4 1 3 10 10 2 
1 0 1 4 1 3 10 10 2 
1 0 1 4 1 3 10 10 2 
1 0 1 4 1 3 10 10 2 
1 0 1 4 1 3 10 10 2 
1 0 1 4 1 3 10 10 2 
1 0 1 4 1 3 10 10 2 
1 0 1 4 1 3 10 10 2 
1 0 1 4 1 3 10 10 2 
1 0 1 4 1 3 10 10 2 
1 0 1 4 1 3 10 10 2 
1 0 1 4 1 3 10 10 2 
1 0 1 4 1 3 10 10 2 
1 0 1 4 1 3 10 10 2 
1 0 1 4 1 3 10 10 2 
1 0 1 5 1 3 10 10 2 
1 0 1 5 1 3 10 10 2 
1 0 1 5 1 3 10 10 2 
1 0 1 5 1 3 10 10 2 
1 0 1 5 1 3 10 10 2 
1 0 1 5 1 3 10 10 2 
1 0 1 5 1 3 10 10 2 
1 0 1 5 1 3 10 10 2 
1 0 1 5 1 3 10 10 2 
1 0 1 5 1 3 10 10 2 
1 0 1 5 1 3 10 10 2 
1 0 1 5 1 3 10 10 2 
1 0 1 5 1 3 10 10 2 
1 0 1 5 1 3 10 10 2 
1 0 1 5 1 3 10 10 2 
1 0 1 5 1 3 10 10 2 
1 0 1 5 1 3 10 10 2 
1 0 1 5 1 3 10 10 2 
1 0 1 5 1 3 10 10 2 
1 0 1 5 1 3 10 10 2 
1 0 1 5 1 3 10 10 2 
1 0 1 5 1 3 10 10 2 
1 0 1 5 1 3 10 10 2 
1 0 1 5 1 3 10 10 2 
1 0 1 5 1 3 10 10 2 
1 0 1 5 1 3 10 10 2 
1 0 1 5 1 3 10 10 2 
1 0 1 5 1 3 10 10 2 
1 0 1 5 1 3 10 10 2 
1 0 1 5 1 3 10 10 2 
1 0 1 5 1 3 10 10 2 
1 0 1 5 1 3 10 10 2 
1 0 1 5 1 3 10 10 2 
1 0 1 5 1 3 10 10 2 
1 0 1 5 1 3 10 10 2 
1 0 1 5 1 3 10 10 2 
1 0 1 5 1 3 10 10 2 
1 0 1 5 1 3 10 10 2 
1 0 1 5 1 3 10 10 2 
1 0 1 5 1 3 10 10 2 
1 0 1 5 1 3 10 10 2 
1 0 1 5 1 3 10 10 2 
1 0 1 5 1 3 10 10 2 
1 0 1 5 1 3 10 10 2 
1 0 1 5 1 3 10 10 2 
1 0 1 5 1 3 10 10 2 
1 0 1 5 1 3 10 10 2 
1 0 1 6 1 3 10 10 3 
1 0 1 6 1 3 10 10 3 
1 0 1 6 1 3 10 10 3 
1 0 1 6 1 3 10 10 3 
1 0 1 6 1 3 10 10 3 
1 0 1 6 1 3 10 10 3 
1 0 1 6 1 3 10 10 3 
1 0 1 6 1 3 10 10 3 
1 0 1 6 1 3 10 10 3 
1 0 1 6 1 3 10 10 3 
1 0 1 6 1 3 10 10 3 
1 0 1 6 1 3 10 10 3 
1 0 1 6 1 3 10 10 3 
1 0 1 6 1 3 10 10 3 
1 0 1 6 1 3 10 10 3 
1 0 1 6 1 3 10 10 3 
1 0 1 6 1 3 10 10 3 
1 0 1 6 1 2 10 10 3 
1 0 1 6 1 2 10 10 3 
1 0 1 6 1 2 10 10 3 
1 0 1 6 1 2 10 10 3 
1 0 1 6 1 2 10 10 3 
1 0 1 6 1 2 10 10 3 
1 0 1 6 1 2 10 10 3 
1 0 1 6 1 2 10 10 3 
1 0 1 6 1 2 10 10 3 
1 0 1 6 1 2 10 10 3 
1 0 1 6 1 2 10 10 3 
1 0 1 6 1 2 10 10 3 
1 0 1 6 1 2 10 10 3 
1 0 1 6 1 2 10 10 3 
1 0 1 6 1 2 10 10 3 
1 0 1 6 1 2 10 10 3 
1 0 1 6 1 2 10 10 3 
1 0 1 6 1 2 10 10 3 
1 0 1 6 1 2 10 10 3 
1 0 1 6 1 2 10 10 3 
1 0 1 5 1 2 10 10 2 
1 0 1 5 1 2 10 10 2 
1 0 1 5 1 2 10 10 2 
1 0 1 5 1 2 10 10 2 
1 0 1 5 1 2 10 10 2 
1 0 1 5 1 2 10 10 2 
1 0 1 5 1 2 10 10 2 
1 0 1 5 1 2 10 10 2 
1 0 1 5 1 2 10 10 2 
1 0 1 5 1 2 10 10 2 
1 0 1 5 1 2 10 10 2 
1 0 1 5 1 2 10 10 2 
1 0 1 5 1 2 10 10 2 
1 0 1 5 1 2 10 10 2 
1 0 1 5 1 2 10 10 2 
1 0 1 5 1 2 10 10 2 
1 0 1 5 1 1 10 10 2 
1 0 1 5 1 1 10 10 2 
1 0 1 5 1 1 10 10 2 
1 0 1 5 1 1 10 10 2 
1 0 1 5 1 1 10 10 2 
1 0 1 5 1 1 10 10 2 
1 0 1 5 1 1 10 10 2 
1 0 1 5 1 1 10 10 2 
1 0 1 5 1 1 10 10 2 
1 0 1 5 1 1 10 10 2 
1 0 1 5 1 1 10 10 2 
1 0 1 5 1 1 10 10 2 
1 0 1 5 1 1 10 10 2 
1 0 1 5 1 1 10 10 2 
1 0 1 5 1 1 10 10 2 
1 0 1 5 1 1 10 10 2 
1 0 1 5 1 1 10 10 2 
1 0 1 5 1 1 10 10 2 
1 0 1 5 1 1 10 10 2 
1 0 1 5 1 1 10 10 2 
1 0 1 5 1 1 10 10 2 
1 0 1 5 1 1 10 10 2 
1 0 1 5 1 1 10 10 2 
1 0 1 5 1 1 10 10 2 
1 0 1 5 1 1 10 10 2 
1 0 1 5 1 1 10 10 2 
1 0 1 5 1 1 10 10 2 
1 0 1 5 1 1 10 10 2 
1 0 1 5 1 1 10 10 2 
1 0 1 5 1 1 10 10 2 
1 0 1 5 1 1 10 10 2 
1 0 1 5 1 1 10 10 2 
1 0 1 5 1 1 10 10 2 
1 0 1 5 1 1 10 10 2 
1 0 1 5 1 1 10 10 2 
1 0 1 5 1 1 10 10 2 
1 0 1 5 1 1 10 10 2 
1 0 1 5 1 1 10 10 2 
1 0 1 5 1 2 10 10 2 
1 0 1 5 1 2 10 10 2 
1 0 1 5 1 2 10 10 2 
1 0 1 5 1 2 10 10 2 
1 0 1 5 1 2 10 10 2 
1 0 1 5 1 2 10 10 2 
1 0 1 5 1 2 10 10 2 
1 0 1 5 1 2 10 10 2 
1 0 1 5 1 2 10 10 2 
1 0 1 5 1 2 10 10 2 
1 0 1 5 1 2 10 10 2 
1 0 1 5 1 2 10 10 2 
1 0 1 5 1 2 10 10 2 
1 0 1 5 1 2 10 10 2 
1 0 1 5 1 2 10 10 2 
1 0 1 5 1 2 10 10 2 
1 0 1 5 1 2 10 10 2 
1 0 1 5 1 2 10 10 2 
1 0 1 5 1 2 10 10 2 
1 0 1 5 1 2 10 10 2 
1 0 1 5 1 2 10 10 2 
1 0 1 5 1 2 10 10 2 
1 0 1 5 1 2 10 10 2 
1 0 1 5 1 2 10 10 2 
1 0 1 5 1 2 10 10 2 
1 0 1 5 1 2 10 10 2 
1 0 1 5 1 2 10 10 2 
1 0 1 6 1 2 10 10 3 
1 0 1 6 1 2 10 10 3 
1 0 1 6 1 2 10 10 3 
1 0 1 6 1 2 10 10 3 
1 0 1 6 1 2 10 10 3 
1 0 1 6 1 2 10 10 3 
1 0 1 6 1 2 10 10 3 
1 0 1 6 1 2 10 10 3 
1 0 1 6 1 2 10 10 3 
1 0 1 6 1 2 10 10 3 
1 0 1 6 1 2 10 10 3 
1 0 1 6 1 2 10 10 3 
1 0 1 6 1 2 10 10 3 
1 0 1 6 1 2 10 10 3 
1 0 1 6 1 2 10 10 3 
1 0 1 6 1 2 10 10 3 
1 0 1 6 1 2 10 10 3 
1 0 1 6 1 2 10 10 3 
1 0 1 6 1 2 10 10 3 
1 0 1 6 1 2 10 10 3 
1 0 1 6 1 2 10 10 3 
1 0 1 6 1 2 10 10 3 
1 0 1 6 1 2 10 10 3 
1 0 1 6 1 2 10 10 3 
1 0 1 6 1 2 10 10 3 
1 0 1 6 1 2 10 10 3 
1 0 1 6 1 2 10 10 3 
1 0 1 6 1 2 10 10 3 
1 0 1 6 1 2 10 10 3 
1 0 1 5 1 2 10 10 2 
1 0 1 5 1 2 10 10 2 
1 0 1 5 1 2 10 10 2 
1 0 1 5 1 2 10 10 2 
1 0 1 5 1 2 10 10 2 
1 0 1 5 1 2 10 10 2 
1 0 1 5 1 2 10 10 2 
1 0 1 5 1 2 10 10 2 
1 0 1 5 1 1 10 10 2 
1 0 1 5 1 1 10 10 2 
1 0 1 5 1 1 10 10 2 
1 0 1 5 1 1 10 10 2 
1 0 1 5 1 1 10 10 2 
1 0 1 5 1 1 10 10 2 
1 0 1 5 1 1 10 10 2 
1 0 1 5 1 1 10 10 2 
1 0 1 5 1 1 10 10 2 
1 0 1 5 1 1 10 10 2 
1 0 1 5 1 1 10 10 2 
1 0 1 5 1 1 10 10 2 
1 0 1 5 1 1 10 10 2 
1 0 1 5 1 1 10 10 2 
1 0 1 5 1 1 10 10 2 
1 0 1 5 1 1 10 10 2 
1 0 1 5 1 1 10 10 2 
1 0 1 5 1 1 10 10 2 
1 0 1 5 1 1 10 10 2 
1 0 1 5 1 1 10 10 2 
1 0 1 5 1 1 10 10 2 
1 0 1 5 1 1 10 10 2 
1 0 1 5 1 1 10 10 2 
1 0 1 5 1 1 10 10 2 
1 0 1 5 1 1 10 10 2 
1 0 1 5 1 1 10 10 2 
1 0 1 5 1 1 10 10 2 
1 0 1 5 1 1 10 10 2 
1 0 1 5 1 1 10 10 2 
1 0 1 5 1 1 10 10 2 
1 0 1 5 1 1 10 10 2 
1 0 1 5 1 1 10 10 2 
1 0 1 5 1 1 10 10 2 
1 0 1 5 1 1 10 10 2 
1 0 1 5 1 1 10 10 2 
1 0 1 5 1 1 10 10 2 
1 0 1 5 1 1 10 10 2 
1 0 1 5 1 1 10 10 2 
1 0 1 5 1 1 10 10 2 
1 0 1 5 1 1 10 10 2 
1 0 1 5 1 1 10 10 2 
1 0 1 4 1 1 10 10 2 
1 0 1 4 1 1 10 10 2 
1 0 1 4 1 1 10 10 2 
1 0 1 4 1 1 10 10 2 
1 0 1 4 1 1 10 10 2 
1 0 1 4 1 1 10 10 2 
1 0 1 4 1 1 10 10 2 
1 0 1 4 1 1 10 10 2 
1 0 1 4 1 1 10 10 2 
1 0 1 4 1 1 10 10 2 
1 0 1 4 1 1 10 10 2 
1 0 1 4 1 1 10 10 2 
1 0 1 4 1 1 10 10 2 
1 0 1 4 1 1 10 10 2 
1 0 1 4 1 1 10 10 2 
1 0 1 4 1 1 10 10 2 
1 0 1 4 1 1 10 10 2 
1 0 1 4 1 1 10 10 2 
1 0 1 4 1 1 10 10 2 
1 0 1 4 1 1 10 10 2 
1 0 1 4 1 1 10 10 2 
1 0 1 4 1 1 10 10 2 
1 0 1 4 1 1 10 10 2 
1 0 1 4 1 1 10 10 2 
1 0 1 4 1 1 10 10 2 
1 0 1 4 1 1 10 10 2 
1 0 1 4 1 1 10 10 2 
1 0 1 4 1 1 10 10 2 
1 0 1 5 1 1 10 10 2 
1 0 1 5 1 1 10 10 2 
1 0 1 5 1 1 10 10 2 
1 0 1 5 1 1 10 10 2 
1 0 1 5 1 1 10 10 2 
1 0 1 5 1 1 10 10 2 
1 0 1 5 1 1 10 10 2 
1 0 1 5 1 1 10 10 2 
1 0 1 5 1 1 10 10 2 
1 0 1 5 1 1 10 10 2 
1 0 1 5 1 1 10 10 2 
1 0 1 5 1 1 10 10 2 
1 0 1 5 1 1 10 10 2 
1 0 1 5 1 1 10 10 2 
1 0 1 5 1 1 10 10 2 
1 0 1 5 1 1 10 10 2 
1 0 1 5 1 1 10 10 2 
1 0 1 5 1 1 10 10 2 
1 0 1 5 1 1 10 10 2 
1 0 1 5 1 1 10 10 2 
1 0 1 5 1 1 10 10 2 
1 0 1 5 1 1 10 10 2 
1 0 1 5 1 1 10 10 2 
1 0 1 5 1 1 10 10 2 
1 0 1 5 1 1 10 10 2 
1 0 1 5 1 1 10 10 2 
1 0 1 5 1 1 10 10 2 
1 0 1 5 1 1 10 10 2 
1 0 1 5 1 1 10 10 2 
1 0 1 5 1 1 10 10 2 
1 0 1 5 1 1 10 10 2 
1 0 1 5 1 1 10 10 2 
1 0 1 5 1 1 10 10 2 
1 0 1 5 1 1 10 10 2 
1 0 1 5 1 1 10 10 2 
1 0 1 5 1 1 10 10 2 
1 0 1 5 1 1 10 10 2 
1 0 1 5 1 1 10 10 2 
1 0 1 5 1 1 10 10 2 
1 0 1 5 1 1 10 10 2 
1 0 1 6 1 1 10 10 3 
1 0 1 6 1 1 10 10 3 
1 0 1 6 1 1 10 10 3 
1 0 1 6 1 1 10 10 3 
1 0 1 6 1 1 10 10 3 
1 0 1 6 1 1 10 10 3 
1 0 1 6 1 1 10 10 3 
1 0 1 6 1 1 10 10 3 
1 0 1 6 1 1 10 10 3 
1 0 1 6 1 1 10 10 3 
1 0 1 6 1 1 10 10 3 
1 0 1 6 1 1 10 10 3 
1 0 1 5 1 1 10 10 2 
1 0 1 5 1 1 10 10 2 
1 0 1 5 1 1 10 10 2 
1 0 1 5 1 1 10 10 2 
1 0 1 5 1 1 10 10 2 
1 0 1 5 1 1 10 10 2 
1 0 1 5 1 1 10 10 2 
1 0 1 5 1 1 10 10 2 
1 0 1 5 1 1 10 10 2 
1 0 1 5 1 1 10 10 2 
1 0 1 5 1 1 10 10 2 
1 0 1 5 1 1 10 10 2 
1 0 1 5 1 1 10 10 2 
1 0 1 5 1 1 10 10 2 
1 0 1 5 1 1 10 10 2 
1 0 1 5 1 1 10 10 2 
1 0 1 5 1 1 10 10 2 
1 0 1 5 1 1 10 10 2 
1 0 1 5 1 1 10 10 2 
1 0 1 5 1 1 10 10 2 
1 0 1 5 1 1 10 10 2 
1 0 1 5 1 1 10 10 2 
1 0 1 5 1 1 10 10 2 
1 0 1 5 1 1 10 10 2 
1 0 1 5 1 1 10 10 2 
1 0 1 5 1 1 10 10 2 
1 0 1 5 1 1 10 10 2 
1 0 1 5 1 1 10 10 2 
1 0 1 5 1 1 10 10 2 
1 0 1 5 1 1 10 10 2 
1 0 1 5 1 1 10 10 2 
1 0 1 5 1 1 10 10 2 
1 0 1 5 1 1 10 10 2 
1 0 1 5 1 1 10 10 2 
1 0 1 5 1 1 10 10 2 
1 0 1 5 1 1 10 10 2 
1 0 1 5 1 1 10 10 2 
1 0 1 5 1 1 10 10 2 
1 0 1 5 1 1 10 10 2 
1 0 1 5 1 1 10 10 2 
1 0 1 5 1 1 10 10 2 
1 0 1 5 1 1 10 10 2 
1 0 1 5 1 1 10 10 2 
1 0 1 5 1 1 10 10 2 
1 0 1 5 1 1 10 10 2 
1 0 1 5 1 1 10 10 2 
1 0 1 5 1 1 10 10 2 
1 0 1 5 1 1 10 10 2 
1 0 1 5 1 1 10 10 2 
1 0 1 5 1 1 10 10 2 
1 0 1 5 1 1 10 10 2 
1 0 1 5 1 1 10 10 2 
1 0 1 5 1 1 10 10 2 
1 0 1 5 1 1 10 10 2 
1 0 1 5 1 1 10 10 2 
1 0 1 5 1 1 10 10 2 
1 0 1 5 1 1 10 10 2 
1 0 1 5 1 1 10 10 2 
1 0 1 5 1 1 10 10 2 
1 0 1 5 1 1 10 10 2 
1 0 1 5 1 1 10 10 2 
1 0 1 5 1 1 10 10 2 
1 0 1 5 1 1 10 10 2 
1 0 1 5 1 1 10 10 2 
1 0 1 5 1 1 10 10 2 
1 0 1 5 1 1 10 10 2 
1 0 1 5 1 1 10 10 2 
1 0 1 5 1 1 10 10 2 
1 0 1 5 1 1 10 10 2 
1 0 1 5 1 1 10 10 2 
1 0 1 5 1 1 10 10 2 
1 0 1 5 1 1 10 10 2 
1 0 1 5 1 1 10 10 2 
1 0 1 5 1 1 10 10 2 
1 0 1 5 1 1 10 10 2 
1 0 1 5 1 1 10 10 2 
1 0 1 5 1 1 10 10 2 
1 0 1 5 1 1 10 10 2 
1 0 1 5 1 1 10 10 2 
1 0 1 5 1 1 10 10 2 
1 0 1 5 1 1 10 10 2 
1 0 1 5 1 1 10 10 2 
1 0 1 5 1 1 10 10 2 
1 0 1 4 1 1 10 10 2 
1 0 1 4 1 1 10 10 2 
1 0 1 4 1 1 10 10 2 
1 0 1 4 1 1 10 10 2 
1 0 1 4 1 1 10 10 2 
1 0 1 4 1 1 10 10 2 
1 0 1 4 1 1 10 10 2 
1 0 1 4 1 1 10 10 2 
1 0 1 4 1 1 10 10 2 
1 0 1 4 1 1 10 10 2 
1 0 1 4 1 1 10 10 2 
1 0 1 4 1 1 10 10 2 
1 0 1 4 1 1 10 10 2 
1 0 1 4 1 1 10 10 2 
1 0 1 4 1 1 10 10 2 
1 0 1 4 1 1 10 10 2 
1 0 1 4 1 1 10 10 2 
1 0 1 4 1 1 10 10 2 
1 0 1 4 1 1 10 10 2 
1 0 1 4 1 1 10 10 2 
1 0 1 4 1 1 10 10 2 
1 0 1 4 1 1 10 10 2 
1 0 1 4 1 1 10 10 2 
1 0 1 4 1 1 10 10 2 
1 0 1 4 1 1 10 10 2 
1 0 1 4 1 1 10 10 2 
1 0 1 4 1 1 10 10 2 
1 0 1 4 1 1 10 10 2 
1 0 1 4 1 1 10 10 2 
1 0 1 4 1 1 10 10 2 
1 0 1 4 1 1 10 10 2 
1 0 1 4 1 1 10 10 2 
1 0 1 4 1 1 10 10 2 
1 0 1 4 1 1 10 10 2 
1 0 1 4 1 1 10 10 2 
1 0 1 4 1 1 10 10 2 
1 0 1 4 1 1 10 10 2 
1 0 1 4 1 1 10 10 2 
1 0 1 4 1 1 10 10 2 
1 0 1 4 1 1 10 10 2 
1 0 1 4 1 1 10 10 2 
1 0 1 4 1 1 10 10 2 
1 0 1 4 1 1 10 10 2 
1 0 1 4 1 1 10 10 2 
1 0 1 4 1 1 10 10 2 
1 0 1 4 1 1 10 10 2 
1 0 1 4 1 1 10 10 2 
1 0 1 4 1 1 10 10 2 
1 0 1 4 1 1 10 10 2 
1 0 1 4 1 1 10 10 2 
1 0 1 4 1 1 10 10 2 
1 0 1 4 1 1 10 10 2 
1 0 1 4 1 1 10 10 2 
1 0 1 4 1 1 10 10 2 
1 0 1 4 1 1 10 10 2 
1 0 1 4 1 1 10 10 2 
1 0 1 4 1 1 10 10 2 
1 0 1 4 1 1 10 10 2 
1 0 1 4 1 1 10 10 2 
1 0 1 4 1 1 10 10 2 
1 0 1 4 1 1 10 10 2 
1 0 1 4 1 1 10 10 2 
1 0 1 4 1 1 10 10 2 
1 0 1 4 1 1 10 10 2 
1 0 1 4 1 1 10 10 2 
1 0 1 4 1 1 10 10 2 
1 0 1 4 1 1 10 10 2 
1 0 1 4 1 1 10 10 2 
1 0 1 4 1 1 10 10 2 
1 0 1 4 1 1 10 10 2 
1 0 1 4 1 1 10 10 2 
1 0 1 4 1 1 10 10 2 
1 0 1 4 1 1 10 10 2 
1 0 1 4 1 1 10 10 2 
1 0 1 4 1 1 10 10 2 
1 0 1 4 1 1 10 10 2 
1 0 1 4 1 1 10 10 2 
1 0 1 4 1 1 10 10 2 
1 0 1 4 1 1 10 10 2 
1 0 1 4 1 1 10 10 2 
1 0 1 4 1 1 10 10 2 
1 0 1 4 1 1 10 10 2 
1 0 1 4 1 1 10 10 2 
1 0 1 4 1 1 10 10 2 
1 0 1 4 1 1 10 10 2 
1 0 1 4 1 1 10 10 2 
1 0 1 4 1 1 10 10 2 
1 0 1 4 1 1 10 10 2 
1 0 1 4 1 1 10 10 2 
1 0 1 5 1 1 10 10 2 
1 0 1 5 1 1 10 10 2 
1 0 1 5 1 1 10 10 2 
1 0 1 5 1 1 10 10 2 
1 0 1 5 1 1 10 10 2 
1 0 1 5 1 1 10 10 2 
1 0 1 5 1 1 10 10 2 
1 0 1 5 1 1 10 10 2 
1 0 1 5 1 1 10 10 2 
1 0 1 5 1 1 10 10 2 
1 0 1 5 1 1 10 10 2 
1 0 1 5 1 1 10 10 2 
1 0 1 5 1 1 10 10 2 
1 0 1 5 1 1 10 10 2 
1 0 1 5 1 1 10 10 2 
1 0 1 5 1 1 10 10 2 
1 0 1 5 1 1 10 10 2 
1 0 1 5 1 1 10 10 2 
1 0 1 5 1 1 10 10 2 
1 0 1 5 1 1 10 10 2 
1 0 1 5 1 1 10 10 2 
1 0 1 5 1 1 10 10 2 
1 0 1 5 1 1 10 10 2 
1 0 1 5 1 1 10 10 2 
1 0 1 5 1 1 10 10 2 
1 0 1 5 1 1 10 10 2 
1 0 1 5 1 1 10 10 2 
1 0 1 5 1 1 10 10 2 
1 0 1 5 1 1 10 10 2 
1 0 1 5 1 1 10 10 2 
1 0 1 5 1 1 10 10 2 
1 0 1 5 1 1 10 10 2 
1 0 1 5 1 1 10 10 2 
1 0 1 5 1 1 10 10 2 
1 0 1 5 1 1 10 10 2 
1 0 1 5 1 1 10 10 2 
1 0 1 5 1 1 10 10 2 
1 0 1 5 1 1 10 10 2 
1 0 1 5 1 1 10 10 2 
1 0 1 5 1 1 10 10 2 
1 0 1 5 1 1 10 10 2 
1 0 1 5 1 1 10 10 2 
1 0 1 5 1 1 10 10 2 
1 0 1 5 1 1 10 10 2 
1 0 1 5 1 1 10 10 2 
1 0 1 5 1 1 10 10 2 
1 0 1 5 1 1 10 10 2 
1 0 1 4 1 1 10 10 2 
1 0 1 4 1 1 10 10 2 
1 0 1 4 1 1 10 10 2 
1 0 1 4 1 1 10 10 2 
1 0 1 4 1 1 10 10 2 
1 0 1 4 1 1 10 10 2 
1 0 1 4 1 1 10 10 2 
1 0 1 4 1 1 10 10 2 
1 0 1 4 1 1 10 10 2 
1 0 1 4 1 1 10 10 2 
1 0 1 4 1 1 10 10 2 
1 0 1 4 1 1 10 10 2 
1 0 1 4 1 1 10 10 2 
1 0 1 4 1 1 10 10 2 
1 0 1 4 1 1 10 10 2 
1 0 1 4 1 1 10 10 2 
1 0 1 4 1 1 10 10 2 
1 0 1 4 1 1 10 10 2 
1 0 1 4 1 1 10 10 2 
1 0 1 4 1 1 10 10 2 
1 0 1 4 1 1 10 10 2 
1 0 1 4 1 1 10 10 2 
1 0 1 4 1 1 10 10 2 
1 0 1 4 1 1 10 10 2 
1 0 1 4 1 1 10 10 2 
1 0 1 4 1 1 10 10 2 
1 0 1 4 1 1 10 10 2 
1 0 1 4 1 1 10 10 2 
1 0 1 4 1 1 10 10 2 
1 0 1 4 1 1 10 10 2 
1 0 1 4 1 1 10 10 2 
1 0 1 4 1 1 10 10 2 
1 0 1 4 1 1 10 10 2 
1 0 1 4 1 1 10 10 2 
1 0 1 4 1 1 10 10 2 
1 0 1 4 1 1 10 10 2 
1 0 1 4 1 1 10 10 2 
1 0 1 4 1 1 10 10 2 
1 0 1 4 1 1 10 10 2 
1 0 1 4 1 1 10 10 2 
1 0 1 4 1 1 10 10 2 
1 0 1 4 1 1 10 10 2 
1 0 1 4 1 1 10 10 2 
1 0 1 4 1 1 10 10 2 
1 0 1 4 1 1 10 10 2 
1 0 1 4 1 1 10 10 2 
1 0 1 4 1 1 10 10 2 
1 0 1 4 1 1 10 10 2 
1 0 1 4 1 1 10 10 2 
1 0 1 5 1 1 10 10 2 
1 0 1 5 1 1 10 10 2 
1 0 1 5 1 1 10 10 2 
1 0 1 5 1 1 10 10 2 
1 0 1 5 1 1 10 10 2 
1 0 1 5 1 1 10 10 2 
1 0 1 5 1 1 10 10 2 
1 0 1 5 1 1 10 10 2 
1 0 1 5 1 1 10 10 2 
1 0 1 5 1 1 10 10 2 
1 0 1 5 1 1 10 10 2 
1 0 1 5 1 1 10 10 2 
1 0 1 5 1 1 10 10 2 
1 0 1 5 1 1 10 10 2 
1 0 1 5 1 1 10 10 2 
1 0 1 5 1 1 10 10 2 
1 0 1 5 1 1 10 10 2 
1 0 1 5 1 1 10 10 2 
1 0 1 5 1 1 10 10 2 
1 0 1 5 1 1 10 10 2 
1 0 1 5 1 1 10 10 2 
1 0 1 5 1 1 10 10 2 
1 0 1 5 1 1 10 10 2 
1 0 1 5 1 1 10 10 2 
1 0 1 5 1 1 10 10 2 
1 0 1 5 1 1 10 10 2 
1 0 1 5 1 1 10 10 2 
1 0 1 5 1 1 10 10 2 
1 0 1 5 1 1 10 10 2 
1 0 1 5 1 1 10 10 2 
1 0 1 5 1 1 10 10 2 
1 0 1 5 1 1 10 10 2 
1 0 1 5 1 1 10 10 2 
1 0 1 5 1 1 10 10 2 
1 0 1 5 1 1 10 10 2 
1 0 1 5 1 1 10 10 2 
1 0 1 5 1 1 10 10 2 
1 0 1 5 1 1 10 10 2 
1 0 1 5 1 1 10 10 2 
1 0 1 5 1 1 10 10 2 
1 0 1 5 1 1 10 10 2 
1 0 1 5 1 1 10 10 2 
1 0 1 5 1 1 10 10 2 
1 0 1 5 1 1 10 10 2 
1 0 1 5 1 1 10 10 2 
1 0 1 5 1 1 10 10 2 
1 0 1 5 1 1 10 10 2 
1 0 1 5 1 1 10 10 2 
1 0 1 5 1 1 10 10 2 
1 0 1 5 1 1 10 10 2 
1 0 1 5 1 1 10 10 2 
1 0 1 5 1 1 10 10 2 
1 0 1 5 1 1 10 10 2 
1 0 1 5 1 1 10 10 2 
1 0 1 5 1 1 10 10 2 
1 0 1 5 1 1 10 10 2 
1 0 1 5 1 1 10 10 2 
1 0 1 5 1 1 10 10 2 
1 0 1 5 1 1 10 10 2 
1 0 1 5 1 1 10 10 2 
1 0 1 5 1 1 10 10 2 
1 0 1 5 1 1 10 10 2 
1 0 1 5 1 1 10 10 2 
1 0 1 5 1 1 10 10 2 
1 0 1 5 1 1 10 10 2 
1 0 1 5 1 1 10 10 2 
1 0 1 5 1 1 10 10 2 
1 0 1 4 1 1 10 10 2 
1 0 1 4 1 1 10 10 2 
1 0 1 4 1 1 10 10 2 
1 0 1 4 1 1 10 10 2 
1 0 1 4 1 2 10 10 2 
1 0 1 3 1 2 10 10 2 
1 0 1 3 1 2 10 10 2 
1 0 1 3 1 2 10 10 2 
1 0 1 3 1 2 10 10 2 
1 0 1 3 1 2 10 10 2 
1 0 1 3 1 2 10 10 2 
1 0 1 3 1 2 10 10 2 
1 0 1 3 1 2 10 10 2 
1 0 1 3 1 3 10 10 2 
1 0 1 3 1 3 10 10 2 
1 0 1 3 1 3 10 10 2 
1 0 1 3 1 3 10 10 2 
1 0 1 3 1 3 10 10 2 
1 0 1 3 1 3 10 10 2 
1 0 1 3 1 3 10 10 2 
1 0 1 3 1 4 10 10 2 
1 0 1 3 1 4 10 10 2 
1 0 1 3 1 4 10 10 2 
1 0 1 3 1 4 10 10 2 
1 0 1 3 1 4 10 10 2 
1 0 1 3 1 4 10 10 2 
1 0 1 3 1 4 10 10 2 
1 0 1 3 1 4 10 10 2 
1 0 1 3 1 4 10 10 2 
1 0 1 3 1 4 10 10 2 
1 0 1 3 1 4 10 10 2 
1 0 1 3 1 4 10 10 2 
1 0 1 3 1 4 10 10 2 
1 0 1 3 1 4 10 10 2 
1 0 1 3 1 4 10 10 2 
1 0 1 3 1 4 10 10 2 
1 0 1 3 2 4 10 10 2 
1 0 1 3 3 4 10 10 2 
1 0 1 3 3 4 10 10 2 
1 0 1 3 3 4 10 10 2 
1 0 1 3 4 4 10 10 2 
1 0 1 3 4 4 10 10 2 
1 0 1 3 4 4 10 10 2 
1 0 1 3 4 4 10 10 2 
1 0 1 3 4 4 10 10 2 
1 0 1 3 4 4 10 10 2 
1 0 1 3 4 4 10 10 2 
1 0 1 3 4 4 10 10 2 
1 0 1 3 4 4 10 10 2 
1 0 1 3 4 4 10 10 2 
1 0 1 4 4 4 10 10 2 
1 0 1 4 4 4 10 10 2 
1 0 1 4 3 4 10 10 2 
1 0 1 4 3 4 10 10 2 
1 0 1 4 3 4 10 10 2 
1 0 1 4 3 4 10 10 2 
1 0 1 4 3 4 10 10 2 
1 0 1 4 3 4 10 10 2 
1 0 1 4 3 3 10 10 2 
1 0 1 4 3 3 10 10 2 
1 0 1 4 3 3 10 10 2 
1 0 1 4 3 3 10 10 2 
1 0 1 4 2 3 10 10 2 
1 0 1 4 2 3 10 10 2 
1 0 1 4 2 3 10 10 2 
1 0 1 4 2 3 10 10 2 
1 0 1 4 2 3 10 10 2 
1 0 1 4 2 3 10 10 2 
1 0 1 4 2 3 10 10 2 
1 0 1 4 2 3 10 10 2 
1 0 1 4 2 3 10 10 2 
1 0 1 4 2 3 10 10 2 
1 0 1 4 2 2 10 10 2 
1 0 1 4 2 2 10 10 2 
1 0 1 4 2 2 10 10 2 
1 0 1 4 2 2 10 10 2 
1 0 1 4 2 2 10 10 2 
1 0 1 4 2 2 10 10 2 
1 0 1 4 2 2 10 10 2 
1 0 1 4 2 2 10 10 2 
1 0 1 4 2 2 10 10 2 
1 0 1 4 2 2 10 10 2 
1 0 1 4 1 2 10 10 2 
1 0 1 4 1 2 10 10 2 
1 0 1 4 1 2 10 10 2 
1 0 1 4 1 2 10 10 2 
1 0 1 4 1 2 10 10 2 
1 0 1 3 1 2 10 10 2 
1 0 1 3 1 2 10 10 2 
1 0 1 3 1 2 10 10 2 
1 0 1 3 1 2 10 10 2 
1 0 1 3 1 2 10 10 2 
1 0 1 3 1 2 10 10 2 
1 0 1 3 1 2 10 10 2 
1 0 1 3 1 2 10 10 2 
1 0 1 3 1 2 10 10 2 
1 0 1 3 1 2 10 10 2 
1 0 1 3 1 2 10 10 2 
1 0 1 3 1 2 10 10 2 
1 0 1 3 1 2 10 10 2 
1 0 1 3 1 2 10 10 2 
1 0 1 3 1 2 10 10 2 
1 0 1 3 1 2 10 10 2 
1 0 1 3 1 1 10 10 2 
1 0 1 3 1 1 10 10 2 
1 0 1 3 1 1 10 10 2 
1 0 1 3 1 1 10 10 2 
1 0 1 3 1 1 10 10 2 
1 0 1 3 1 1 10 10 2 
1 0 1 3 1 1 10 10 2 
1 0 1 3 1 1 10 10 2 
1 0 1 3 1 1 10 10 2 
1 0 1 3 1 1 10 10 2 
1 0 1 3 1 1 10 10 2 
1 0 1 3 1 1 10 10 2 
1 0 1 3 1 1 10 10 2 
1 0 1 3 1 1 10 10 2 
1 0 1 3 1 1 10 10 2 
1 0 1 3 1 1 10 10 2 
1 0 1 3 1 1 10 10 2 
1 0 1 3 1 1 10 10 2 
1 0 1 3 1 1 10 10 2 
1 0 1 3 1 1 10 10 2 
1 0 1 3 1 1 10 10 2 
1 0 1 3 1 1 10 10 2 
1 0 1 3 1 1 10 10 2 
1 0 1 3 1 1 10 10 2 
1 0 1 3 1 1 10 10 2 
1 0 1 3 1 1 10 10 2 
1 0 1 3 1 1 10 10 2 
1 0 1 3 1 1 10 10 2 
1 0 1 3 1 1 10 10 2 
1 0 1 3 1 1 10 10 2 
1 0 1 3 1 1 10 10 2 
1 0 1 3 1 1 10 10 2 
1 0 1 4 1 1 10 10 2 
1 0 1 4 1 1 10 10 2 
1 0 1 4 1 1 10 10 2 
1 0 1 4 1 1 10 10 2 
1 0 1 4 1 1 10 10 2 
1 0 1 4 1 1 10 10 2 
1 0 1 4 1 1 10 10 2 
1 0 1 4 1 1 10 10 2 
1 0 1 4 1 1 10 10 2 
1 0 1 4 1 1 10 10 2 
1 0 1 4 1 1 10 10 2 
1 0 1 4 1 1 10 10 2 
1 0 1 4 1 1 10 10 2 
1 0 1 4 1 1 10 10 2 
1 0 1 4 1 1 10 10 2 
1 0 1 4 1 1 10 10 2 
1 0 1 4 1 1 10 10 2 
1 0 1 4 1 2 10 10 2 
1 0 1 4 1 2 10 10 2 
1 0 1 4 1 2 10 10 2 
1 0 1 4 1 2 10 10 2 
1 0 1 4 1 2 10 10 2 
1 0 1 4 1 2 10 10 2 
1 0 1 4 1 2 10 10 2 
1 0 1 4 1 2 10 10 2 
1 0 1 4 1 2 10 10 2 
1 0 1 4 1 2 10 10 2 
1 0 1 4 1 2 10 10 2 
1 0 1 4 1 2 10 10 2 
1 0 1 4 1 2 10 10 2 
1 0 1 3 1 2 10 10 2 
1 0 1 3 1 2 10 10 2 
1 0 1 3 1 2 10 10 2 
1 0 1 3 1 2 10 10 2 
1 0 1 3 1 2 10 10 2 
1 0 1 3 1 2 10 10 2 
1 0 1 3 1 2 10 10 2 
1 0 1 3 1 2 10 10 2 
1 0 1 3 1 2 10 10 2 
1 0 1 3 1 2 10 10 2 
1 0 1 3 1 2 10 10 2 
1 0 1 3 1 2 10 10 2 
1 0 1 3 1 2 10 10 2 
1 0 1 3 1 2 10 10 2 
1 0 1 3 1 2 10 10 2 
1 0 1 3 1 2 10 10 2 
1 0 1 3 1 2 10 10 2 
1 0 1 3 1 2 10 10 2 
1 0 1 3 1 2 10 10 2 
1 0 1 3 1 2 10 10 2 
1 0 1 3 1 2 10 10 2 
1 0 1 3 1 2 10 10 2 
1 0 1 3 1 2 10 10 2 
1 0 1 3 1 2 10 10 2 
1 0 1 3 1 2 10 10 2 
1 0 1 3 1 2 10 10 2 
1 0 1 3 1 2 10 10 2 
1 0 1 3 1 2 10 10 2 
1 0 1 3 1 2 10 10 2 
1 0 1 3 1 2 10 10 2 
1 0 1 3 1 2 10 10 2 
1 0 1 3 1 2 10 10 2 
1 0 1 3 1 2 10 10 2 
1 0 1 3 1 2 10 10 2 
1 0 1 3 1 2 10 10 2 
1 0 1 3 1 2 10 10 2 
1 0 1 3 1 2 10 10 2 
1 0 1 3 1 2 10 10 2 
1 0 1 3 1 2 10 10 2 
1 0 1 3 1 1 10 10 2 
1 0 1 3 1 1 10 10 2 
1 0 1 3 1 1 10 10 2 
1 0 1 3 1 1 10 10 2 
1 0 1 3 1 1 10 10 2 
1 0 1 3 1 1 10 10 2 
1 0 1 3 1 1 10 10 2 
1 0 1 3 1 1 10 10 2 
1 0 1 3 1 1 10 10 2 
1 0 1 4 1 1 10 10 2 
1 0 1 4 1 1 10 10 2 
1 0 1 4 1 1 10 10 2 
1 0 1 4 1 1 10 10 2 
1 0 1 4 1 1 10 10 2 
1 0 1 4 1 1 10 10 2 
1 0 1 4 1 1 10 10 2 
1 0 1 4 1 1 10 10 2 
1 0 1 4 1 1 10 10 2 
1 0 1 4 1 1 10 10 2 
1 0 1 4 1 1 10 10 2 
1 0 1 4 1 1 10 10 2 
1 0 1 4 1 1 10 10 2 
1 0 1 4 1 1 10 10 2 
1 0 1 4 1 1 10 10 2 
1 0 1 4 1 1 10 10 2 
1 0 1 4 1 1 10 10 2 
1 0 1 4 1 1 10 10 2 
1 0 1 4 1 1 10 10 2 
1 0 1 4 1 1 10 10 2 
1 0 1 4 1 1 10 10 2 
1 0 1 4 1 1 10 10 2 
1 0 1 4 1 1 10 10 2 
1 0 1 4 1 1 10 10 2 
1 0 1 4 1 1 10 10 2 
1 0 1 4 1 1 10 10 2 
1 0 1 4 1 1 10 10 2 
1 0 1 4 1 1 10 10 2 
1 0 1 4 1 1 10 10 2 
1 0 1 4 1 1 10 10 2 
1 0 1 4 1 1 10 10 2 
1 0 1 4 1 1 10 10 2 
1 0 1 4 1 1 10 10 2 
1 0 1 4 1 1 10 10 2 
1 0 1 4 1 1 10 10 2 
1 0 1 4 1 1 10 10 2 
1 0 1 4 1 1 10 10 2 
1 0 1 4 1 1 10 10 2 
1 0 1 4 1 1 10 10 2 
1 0 1 4 1 1 10 10 2 
1 0 1 4 1 1 10 10 2 
1 0 1 4 1 1 10 10 2 
1 0 1 4 1 1 10 10 2 
1 0 1 4 1 1 10 10 2 
1 0 1 4 1 1 10 10 2 
1 0 1 4 1 1 10 10 2 
1 0 1 4 1 1 10 10 2 
1 0 1 4 1 1 10 10 2 
1 0 1 4 1 1 10 10 2 
1 0 1 4 1 1 10 10 2 
1 0 1 4 1 1 10 10 2 
1 0 1 4 1 1 10 10 2 
1 0 1 4 1 1 10 10 2 
1 0 1 4 1 1 10 10 2 
1 0 1 4 1 1 10 10 2 
1 0 1 4 1 1 10 10 2 
1 0 1 4 1 1 10 10 2 
1 0 1 4 1 1 10 10 2 
1 0 1 4 1 1 10 10 2 
1 0 1 4 1 1 10 10 2 
1 0 1 4 1 1 10 10 2 
1 0 1 4 1 1 10 10 2 
1 0 1 4 1 1 10 10 2 
1 0 1 4 1 1 10 10 2 
1 0 1 4 1 1 10 10 2 
1 0 1 4 1 1 10 10 2 
1 0 1 4 1 1 10 10 2 
1 0 1 4 1 1 10 10 2 
1 0 1 4 1 1 10 10 2 
1 0 1 4 1 1 10 10 2 
1 0 1 4 1 1 10 10 2 
1 0 1 4 1 1 10 10 2 
1 0 1 4 1 1 10 10 2 
1 0 1 4 1 1 10 10 2 
1 0 1 4 1 1 10 9 2 
1 0 1 4 1 1 10 9 2 
1 0 1 4 1 1 10 9 2 
1 0 1 4 1 1 10 9 2 
1 0 1 4 1 1 10 9 2 
1 0 1 4 1 1 10 9 2 
1 0 1 4 1 1 9 9 2 
1 0 1 4 1 1 9 9 2 
1 0 1 4 1 1 9 9 2 
1 0 1 4 1 1 9 9 2 
1 0 1 4 1 1 9 9 2 
1 0 1 4 1 1 9 9 2 
1 0 1 4 1 1 9 9 2 
1 0 1 4 1 1 9 9 2 
1 0 1 4 1 1 9 9 2 
1 0 1 3 1 1 9 9 2 
1 0 1 3 1 1 9 9 2 
1 0 1 3 1 1 9 9 2 
1 0 1 3 1 1 9 9 2 
1 0 1 3 1 1 9 9 2 
1 0 1 3 1 1 9 9 2 
1 0 1 3 1 1 9 9 2 
1 0 1 3 1 1 9 9 2 
1 0 1 3 1 1 9 9 2 
1 0 1 3 1 1 9 8 2 
1 0 1 3 1 1 9 8 2 
1 0 1 3 1 1 9 8 2 
1 0 1 3 1 1 9 8 2 
1 0 1 3 1 1 9 8 2 
1 0 1 3 1 1 9 8 2 
1 0 1 3 1 1 9 8 2 
1 0 1 3 1 1 9 8 2 
1 0 1 3 1 1 9 8 2 
1 0 1 3 1 1 9 8 2 
1 0 1 3 1 1 9 8 2 
1 0 1 3 1 1 9 8 2 
1 0 1 3 1 1 9 8 2 
1 0 1 3 1 1 9 8 2 
1 0 1 3 1 1 9 8 2 
1 0 1 3 1 1 9 8 2 
1 0 1 3 1 1 8 8 2 
1 0 1 3 1 1 8 8 2 
1 0 1 3 1 1 8 8 2 
1 0 1 3 1 1 8 8 2 
1 0 1 3 1 1 8 8 2 
1 0 1 3 1 1 8 8 2 
1 0 1 3 1 1 8 8 2 
1 0 1 3 1 1 8 8 2 
1 0 1 3 1 1 8 8 2 
1 0 1 3 1 1 8 8 2 
1 0 1 3 1 1 8 8 2 
1 0 1 3 1 1 8 8 2 
1 0 1 3 1 1 8 8 2 
1 0 1 3 1 1 8 8 2 
1 0 1 3 1 1 8 8 2 
1 0 1 3 1 1 8 8 2 
1 0 1 3 1 1 8 8 2 
1 0 1 2 1 1 8 8 2 
1 0 1 2 1 1 8 8 2 
1 0 1 2 1 1 8 8 2 
1 0 1 2 1 1 8 8 2 
1 0 1 2 1 2 8 8 2 
1 0 1 2 1 2 8 8 2 
1 0 1 2 1 2 8 8 2 
1 0 1 2 1 2 8 8 2 
1 0 1 2 1 2 8 8 2 
1 0 1 2 1 2 8 8 2 
1 0 1 2 2 2 8 8 2 
1 0 1 2 2 2 8 8 2 
1 0 1 2 2 2 8 8 2 
1 0 1 2 2 2 8 8 2 
1 0 1 2 2 2 8 8 2 
1 0 1 2 2 2 8 8 2 
1 0 1 2 2 2 8 8 2 
1 0 1 2 2 2 8 8 2 
1 0 1 2 2 2 8 8 2 
1 0 1 2 2 2 8 8 2 
1 0 1 2 2 2 8 8 2 
1 0 1 2 2 2 8 8 2 
1 0 1 2 2 2 8 8 2 
1 0 1 2 2 2 8 8 2 
1 0 1 2 2 2 8 8 2 
1 0 1 2 2 2 8 8 2 
1 0 1 2 2 2 8 8 2 
1 0 1 2 2 2 8 8 2 
1 0 1 2 2 2 8 8 2 
1 0 1 2 2 2 8 8 2 
1 0 1 2 2 2 8 8 2 
1 0 1 2 2 2 8 8 2 
1 0 1 2 2 2 8 8 2 
1 0 1 2 2 2 8 8 2 
1 0 1 2 2 2 8 8 2 
1 0 1 2 2 2 8 8 2 
1 0 1 2 2 2 8 8 2 
1 0 1 2 2 2 8 8 2 
1 0 1 2 2 2 8 8 2 
1 0 1 2 2 2 8 8 2 
1 0 1 2 2 2 8 8 2 
1 0 1 2 2 2 8 8 2 
1 0 1 2 2 2 8 8 2 
1 0 1 2 2 2 8 8 2 
1 0 1 2 2 2 8 8 2 
1 0 1 2 2 2 8 8 2 
1 0 1 2 2 2 8 8 2 
1 0 1 2 2 2 8 8 2 
1 0 1 3 2 2 8 8 2 
1 0 1 3 2 2 8 8 2 
1 0 1 3 2 2 8 8 2 
1 0 1 3 1 2 8 8 2 
1 0 1 3 1 2 9 8 2 
1 0 1 3 1 2 9 8 2 
1 0 1 3 1 2 9 8 2 
1 0 1 3 1 2 9 8 2 
1 0 1 3 1 2 9 8 2 
1 0 1 3 1 1 9 8 2 
1 0 1 3 1 1 9 8 2 
1 0 1 3 1 1 9 8 2 
1 0 1 3 1 1 9 8 2 
1 0 1 3 1 1 9 8 2 
1 0 1 3 1 1 9 8 2 
1 0 1 3 1 1 9 8 2 
1 0 1 3 1 1 9 8 2 
1 0 1 3 1 1 9 8 2 
1 0 1 3 1 1 9 8 2 
1 0 1 3 1 1 9 8 2 
1 0 1 3 1 1 9 8 2 
1 0 1 3 1 1 9 8 2 
1 0 1 3 1 1 9 8 2 
1 0 1 3 1 1 9 8 2 
1 0 1 3 1 1 9 8 2 
1 0 1 3 1 1 9 8 2 
1 0 1 3 1 1 9 8 2 
1 0 1 3 1 1 9 8 2 
1 0 1 3 1 1 9 8 2 
1 0 1 3 1 1 9 8 2 
1 0 1 3 1 1 9 8 2 
1 0 1 3 1 1 9 8 2 
1 0 1 3 1 1 10 8 2 
1 0 1 3 1 1 10 8 2 
1 0 1 3 1 1 10 8 2 
1 0 1 3 1 1 10 8 2 
1 0 1 3 1 1 10 8 2 
1 0 1 3 1 1 10 8 2 
1 0 1 3 1 1 10 8 2 
1 0 1 3 1 1 10 8 2 
1 0 1 3 1 1 10 8 2 
1 0 1 3 1 1 10 8 2 
1 0 1 3 1 1 10 8 2 
1 0 1 3 1 1 10 8 2 
1 0 1 3 1 1 10 8 2 
1 0 1 3 1 1 10 8 2 
1 0 1 4 1 1 10 8 2 
1 0 1 4 1 1 10 8 2 
1 0 1 4 1 1 10 8 2 
1 0 1 4 1 1 10 8 2 
1 0 1 4 1 1 10 8 2 
1 0 1 4 1 1 10 8 2 
1 0 1 4 1 1 10 8 2 
1 0 1 4 1 1 10 8 2 
1 0 1 4 1 1 10 8 2 
1 0 1 4 1 1 10 8 2 
1 0 1 4 1 1 10 8 2 
1 0 1 4 1 1 10 8 2 
1 0 1 4 1 1 10 8 2 
1 0 1 4 1 1 10 8 2 
1 0 1 4 1 1 10 8 2 
1 0 1 4 1 1 10 8 2 
1 0 1 4 1 1 10 8 2 
1 0 1 4 1 1 10 8 2 
1 0 1 4 1 1 10 8 2 
1 0 1 4 1 1 10 8 2 
1 0 1 4 1 1 10 9 2 
1 0 1 4 1 1 10 9 2 
1 0 1 4 1 1 10 9 2 
1 0 1 4 1 1 10 9 2 
1 0 1 4 1 1 10 9 2 
1 0 1 4 1 1 10 9 2 
1 0 1 4 1 1 10 9 2 
1 0 1 4 1 1 10 9 2 
1 0 1 4 1 1 10 9 2 
1 0 1 4 1 1 10 9 2 
1 0 1 4 1 1 10 9 2 
1 0 1 4 1 1 10 9 2 
1 0 1 4 1 1 10 9 2 
1 0 1 4 1 1 10 10 2 
1 0 1 4 1 1 10 10 2 
1 0 1 3 1 1 10 10 2 
1 0 1 3 1 1 10 10 2 
1 0 1 3 1 1 10 10 2 
1 0 1 3 1 1 10 10 2 
1 0 1 3 1 1 10 10 2 
1 0 1 3 1 1 10 10 2 
1 0 1 3 1 1 10 10 2 
1 0 1 3 1 1 10 10 2 
1 0 1 3 1 1 10 10 2 
1 0 1 3 1 1 10 10 2 
1 0 1 3 1 1 10 10 2 
1 0 1 3 1 1 10 10 2 
1 0 1 3 1 1 10 10 2 
1 0 1 3 1 1 10 10 2 
1 0 1 3 1 1 10 10 2 
1 0 1 3 1 1 10 10 2 
1 0 1 3 1 1 10 10 2 
1 0 1 3 1 1 10 10 2 
1 0 1 3 1 1 10 10 2 
1 0 1 3 1 1 10 10 2 
1 0 1 3 1 1 10 10 2 
1 0 1 3 1 1 10 10 2 
1 0 1 3 1 1 10 10 2 
1 0 1 3 1 1 10 10 2 
1 0 1 3 1 1 10 10 2 
1 0 1 3 1 1 10 10 2 
1 0 1 3 1 1 10 10 2 
1 0 1 2 1 1 10 10 2 
1 0 1 2 1 1 10 10 2 
1 0 1 2 1 1 10 10 2 
1 0 1 3 1 1 10 10 2 
1 0 1 3 1 1 10 10 2 
1 0 1 3 1 1 10 10 2 
1 0 1 3 1 1 10 10 2 
1 0 1 3 1 1 10 10 2 
1 0 1 3 1 1 10 10 2 
1 0 1 3 1 1 10 10 2 
1 0 1 3 1 1 10 10 2 
1 0 1 3 1 1 10 10 2 
1 0 1 3 1 1 10 10 2 
1 0 1 4 1 1 10 10 2 
1 0 1 4 1 1 10 10 2 
1 0 1 4 1 1 10 10 2 
1 0 1 4 1 1 10 10 2 
1 0 1 4 1 1 10 10 2 
1 0 1 4 1 1 10 10 2 
1 0 1 4 1 1 10 10 2 
1 0 1 4 1 1 10 10 2 
1 0 1 4 1 1 10 10 2 
1 0 1 4 1 1 10 10 2 
1 0 1 3 1 1 10 10 2 
1 0 1 3 1 1 10 10 2 
1 0 1 3 1 1 10 10 2 
1 0 1 3 1 1 10 10 2 
1 0 1 3 1 1 10 10 2 
1 0 1 3 1 1 10 10 2 
1 0 1 3 1 1 10 10 2 
1 0 1 3 1 1 10 10 2 
1 0 1 3 1 1 10 10 2 
1 0 1 3 1 1 10 10 2 
1 0 1 3 1 1 10 10 2 
1 0 1 3 1 1 10 10 2 
1 0 1 2 1 1 9 10 2 
1 0 1 2 1 1 9 10 2 
1 0 1 2 1 1 9 10 2 
1 0 1 2 1 1 9 10 2 
1 0 1 2 1 1 9 10 2 
1 0 1 2 1 1 9 10 2 
1 0 1 2 1 1 9 10 2 
1 0 1 1 1 1 9 10 2 
1 0 1 1 1 1 9 10 2 
1 0 1 1 1 1 9 10 2 
1 0 1 1 1 1 9 10 2 
1 0 1 1 1 1 9 10 2 
1 0 1 1 1 2 9 10 2 
1 0 1 1 1 2 9 9 2 
1 0 1 1 1 2 9 9 2 
1 0 1 1 1 2 9 9 2 
1 0 1 1 1 2 9 9 2 
1 0 1 1 1 1 9 9 2 
1 0 1 1 1 1 9 9 2 
1 0 1 1 1 1 9 9 2 
1 0 1 1 1 1 9 9 2 
1 0 1 1 1 1 9 9 2 
1 0 1 1 1 1 9 9 2 
1 0 1 1 1 1 9 9 2 
1 0 1 1 1 1 9 9 2 
1 0 1 1 1 1 9 9 2 
1 0 1 1 1 1 9 9 2 
1 0 1 1 1 1 9 9 2 
1 0 1 1 1 1 9 9 2 
1 0 1 1 1 1 9 9 2 
1 0 1 1 1 1 9 9 2 
1 0 1 1 1 1 9 9 2 
1 0 1 1 1 1 9 9 2 
1 0 1 1 1 1 9 9 2 
1 0 1 1 1 1 9 9 2 
1 0 1 1 1 1 9 9 2 
1 0 1 1 1 1 9 9 2 
1 0 1 1 1 1 9 9 2 
1 0 1 1 1 1 9 9 2 
1 0 1 1 1 1 9 9 2 
1 0 1 1 1 1 9 9 2 
1 0 1 1 1 1 9 9 2 
1 0 1 1 1 1 9 9 2 
1 0 1 1 1 1 9 10 2 
1 0 1 1 1 1 9 10 2 
1 0 1 1 1 1 9 10 2 
1 0 1 1 1 1 9 10 2 
1 0 1 1 1 1 9 10 2 
1 0 1 1 1 1 9 10 2 
1 0 1 1 1 1 9 10 2 
1 0 1 1 1 1 9 10 2 
1 0 1 1 1 1 9 10 2 
1 0 1 1 1 1 9 10 2 
1 0 1 1 1 1 9 10 2 
1 0 1 1 1 1 9 10 2 
1 0 1 1 1 1 9 10 2 
1 0 1 1 1 1 9 10 2 
1 0 1 1 1 1 9 10 2 
1 0 1 1 1 1 9 9 2 
1 0 1 1 1 1 9 9 2 
1 0 1 1 1 1 9 9 2 
1 0 1 1 1 1 9 9 2 
1 0 1 1 1 1 9 9 2 
1 0 1 1 1 1 9 9 2 
1 0 1 1 1 1 9 9 2 
1 0 1 1 1 1 9 9 2 
1 0 1 1 1 1 9 9 2 
1 0 1 1 1 1 9 9 2 
1 0 1 1 1 1 9 9 2 
1 0 1 1 1 1 9 9 2 
1 0 1 2 1 1 9 9 2 
1 0 1 2 1 1 9 9 2 
1 0 1 2 1 1 9 9 2 
1 0 1 2 1 1 9 9 2 
1 0 1 2 1 1 9 9 2 
1 0 1 2 1 1 9 9 2 
1 0 1 2 1 1 9 9 2 
1 0 1 3 1 1 9 9 2 
1 0 1 3 1 1 9 9 2 
1 0 1 3 1 1 9 9 2 
1 0 1 3 1 1 9 9 2 
1 0 1 3 1 1 9 9 2 
1 0 1 3 1 1 9 9 2 
1 0 1 3 1 1 9 9 2 
1 0 1 3 1 1 9 9 2 
1 0 1 3 1 1 9 9 2 
1 0 1 3 1 1 9 9 2 
1 0 1 3 1 1 9 9 2 
1 0 1 3 1 1 9 9 2 
1 0 1 3 1 1 9 9 2 
1 0 1 3 1 1 9 9 2 
1 0 1 3 1 1 9 9 2 
1 0 1 3 1 1 9 9 2 
1 0 1 3 1 1 9 9 2 
1 0 1 3 1 1 9 9 2 
1 0 1 3 1 1 9 9 2 
1 0 1 3 1 1 9 9 2 
1 0 1 3 1 1 9 9 2 
1 0 1 3 1 1 9 9 2 
1 0 1 3 1 1 9 9 2 
1 0 1 3 1 1 9 9 2 
1 0 1 3 1 1 9 9 2 
1 0 1 3 1 1 9 9 2 
1 0 1 3 1 1 9 9 2 
1 0 1 3 1 1 9 9 2 
1 0 1 3 1 1 9 9 2 
1 0 1 3 1 1 9 9 2 
1 0 1 3 1 1 9 9 2 
1 0 1 3 1 1 9 9 2 
1 0 1 3 1 1 9 9 2 
1 0 1 3 1 1 9 9 2 
1 0 1 3 1 1 9 9 2 
1 0 1 3 1 1 9 9 2 
1 0 1 3 1 1 9 9 2 
1 0 1 3 1 1 9 9 2 
1 0 1 3 1 1 9 9 2 
1 0 1 3 1 1 9 9 2 
1 0 1 3 1 1 9 9 2 
1 0 1 3 1 1 9 9 2 
1 0 1 3 1 1 9 9 2 
1 0 1 3 1 1 9 9 2 
1 0 1 3 1 1 9 9 2 
1 0 1 3 1 1 9 9 2 
1 0 1 3 1 1 9 9 2 
1 0 1 3 1 1 9 9 2 
1 0 1 3 1 1 9 9 2 
1 0 1 3 1 1 9 9 2 
1 0 1 3 1 1 9 9 2 
1 0 1 3 1 1 9 9 2 
1 0 1 3 1 1 9 9 2 
1 0 1 3 1 1 9 9 2 
1 0 1 3 1 1 9 9 2 
1 0 1 3 1 1 9 9 2 
1 0 1 3 1 1 9 9 2 
1 0 1 3 1 1 9 9 2 
1 0 1 3 1 1 9 9 2 
1 0 1 3 1 1 9 9 2 
1 0 1 4 1 1 9 9 2 
1 0 1 4 1 1 9 9 2 
1 0 1 4 1 1 9 9 2 
1 0 1 4 1 1 9 9 2 
1 0 1 4 1 1 9 9 2 
1 0 1 5 1 1 9 9 2 
1 0 1 5 1 1 9 9 2 
1 0 1 5 1 1 9 9 2 
1 0 1 6 1 1 9 9 3 
1 0 1 6 1 1 9 9 3 
1 0 1 6 1 1 9 9 3 
1 0 1 6 1 1 9 9 3 
1 0 1 6 1 1 9 9 3 
1 0 1 6 1 1 9 9 3 
1 0 1 5 1 1 9 9 2 
1 0 1 5 1 1 9 9 2 
1 0 1 5 1 1 9 9 2 
1 0 1 4 1 1 9 9 2 
1 0 1 4 1 1 9 9 2 
1 0 1 4 1 1 9 9 2 
1 0 1 4 1 1 9 9 2 
1 0 1 3 1 1 9 9 2 
1 0 1 3 1 1 9 9 2 
1 0 1 3 1 1 9 9 2 
1 0 1 3 1 1 9 9 2 
1 0 1 3 1 1 9 9 2 
1 0 1 3 1 1 9 9 2 
1 0 1 2 1 2 9 9 2 
1 0 1 2 1 2 9 9 2 
1 0 1 2 1 2 9 9 2 
1 0 1 2 1 2 9 9 2 
1 0 1 2 1 2 9 9 2 
1 0 1 2 1 2 9 9 2 
1 0 1 2 1 2 9 9 2 
1 0 1 1 1 2 9 9 2 
1 0 1 1 1 2 9 9 2 
1 0 1 1 2 2 9 9 2 
1 0 1 1 2 2 9 9 2 
1 0 1 1 2 2 9 9 2 
1 0 1 1 2 2 9 9 2
