1 1 0 2 2 10 6 10 6 9 5 9 5 4 
1 1 0 2 2 10 6 10 6 9 5 9 5 4 
1 1 0 2 2 10 6 10 6 9 5 9 5 4 
1 1 0 2 2 10 6 10 6 9 5 9 5 4 
1 1 0 2 2 10 6 10 6 9 5 9 5 4 
1 1 0 3 2 10 6 10 6 9 5 9 5 4 
1 1 0 3 2 10 6 10 6 9 5 9 5 4 
1 1 0 3 2 10 6 10 6 9 5 9 5 4 
1 1 0 3 2 10 6 10 6 9 5 9 5 4 
1 1 0 3 2 10 6 9 5 9 5 9 5 4 
1 1 0 3 2 10 6 9 5 9 5 9 5 4 
1 1 0 3 2 10 6 9 5 9 5 9 5 4 
1 1 0 3 2 10 6 9 5 9 5 9 5 4 
1 1 0 3 2 10 6 9 5 9 5 9 5 4 
1 1 0 3 2 10 6 9 5 9 5 9 5 4 
1 1 0 3 2 9 6 9 5 9 5 9 5 4 
1 1 0 3 2 9 6 8 5 8 5 9 5 4 
1 1 0 4 2 9 5 8 5 8 5 9 5 4 
1 1 0 4 2 9 5 8 5 8 5 8 5 4 
1 1 0 4 2 9 5 8 5 8 5 8 5 4 
1 1 0 4 2 9 5 8 5 8 5 8 5 4 
1 1 0 4 2 9 5 8 5 8 5 8 5 4 
1 1 0 4 3 9 5 8 5 8 5 8 5 4 
1 0 0 4 3 8 5 8 5 8 5 8 5 4 
1 0 0 4 4 8 5 8 5 8 5 8 5 4 
1 0 0 4 4 8 5 7 5 8 5 8 5 4 
1 0 0 4 4 8 5 7 5 7 5 8 5 4 
1 0 0 4 4 8 5 7 4 7 5 8 5 4 
1 0 0 5 4 8 5 7 4 7 5 7 5 4 
1 0 0 5 4 8 5 6 3 7 4 7 5 4 
1 0 0 5 4 8 5 6 3 6 4 7 4 4 
1 0 0 5 4 8 5 6 3 6 3 7 3 4 
1 0 0 5 4 7 5 6 3 6 3 6 3 4 
1 0 0 5 4 7 5 5 3 6 3 6 3 3 
1 0 0 5 4 7 5 5 3 5 3 6 3 2 
1 0 0 5 4 7 5 5 3 5 3 6 3 2 
1 0 0 5 4 7 4 5 3 5 3 6 3 2 
1 0 0 5 4 7 3 5 3 4 3 5 3 1 
1 0 0 5 4 6 3 4 3 4 3 5 3 1 
1 0 0 5 4 6 3 4 2 4 3 5 3 1 
1 0 0 5 4 6 3 4 2 4 2 5 3 1 
1 0 0 5 4 5 3 4 2 4 2 4 3 0 
1 0 0 5 4 5 3 3 2 4 2 4 3 0 
1 0 0 5 4 5 3 3 2 4 2 4 2 0 
1 0 0 5 4 4 2 3 2 3 2 4 2 0 
1 0 0 5 4 4 2 3 2 3 2 4 2 0 
1 0 0 5 4 4 2 3 2 3 2 4 2 0 
1 0 0 5 4 4 2 3 2 3 2 4 2 0 
1 0 0 5 4 3 2 3 2 3 2 3 2 0 
1 0 0 5 4 3 2 3 2 3 2 3 2 0 
1 0 0 5 4 3 2 3 2 3 2 3 2 0 
1 0 0 5 4 3 2 3 2 3 2 3 2 0 
1 0 0 5 4 3 2 2 2 3 2 3 2 0 
1 0 0 5 4 3 2 2 2 2 2 3 2 0 
1 0 0 5 4 3 2 2 2 2 2 3 2 0 
1 0 0 5 4 3 2 2 2 2 2 3 2 0 
1 0 0 5 4 2 2 2 2 2 2 3 2 0 
1 0 0 5 4 2 2 2 2 2 2 2 2 0 
1 0 0 5 4 2 2 2 2 2 2 2 2 0 
1 0 0 5 4 2 2 2 2 2 2 2 2 0 
1 0 0 2 2 2 2 2 2 2 2 2 2 0 
1 0 0 1 2 2 2 1 2 2 2 2 2 0 
1 0 0 1 2 2 2 1 2 2 2 2 2 0 
1 0 0 1 2 1 2 1 2 2 2 2 2 0 
1 0 0 1 2 1 2 1 2 2 2 2 2 0 
1 0 0 1 2 1 2 1 2 2 2 2 2 0 
1 0 0 1 2 1 2 1 2 2 2 2 2 0 
1 0 0 1 2 1 2 1 2 2 2 2 2 0 
1 0 0 1 2 1 2 1 2 2 2 2 2 0 
1 0 0 1 2 1 2 1 2 2 2 2 2 0 
1 0 0 1 2 1 2 1 2 1 2 2 2 0 
1 0 0 1 2 1 2 1 2 1 2 2 2 0 
1 0 0 1 2 1 2 1 2 1 2 2 2 0 
1 0 0 1 2 1 2 1 2 1 2 2 2 0 
1 0 0 1 2 1 2 1 2 1 2 2 2 0 
1 0 0 1 2 1 2 1 2 1 2 1 2 0 
1 0 0 1 2 1 2 1 2 1 2 1 2 0 
1 0 0 1 2 1 2 1 2 1 2 1 2 0 
1 0 0 1 2 1 2 1 2 1 2 1 2 0 
1 0 0 1 2 1 2 1 2 1 2 1 2 0 
1 0 0 1 2 1 2 1 2 1 2 1 2 0 
1 0 0 1 2 1 2 1 2 1 2 1 2 0 
1 0 0 1 2 1 2 1 2 1 2 1 2 0 
1 0 0 1 2 1 2 1 2 1 2 1 2 0 
1 0 0 1 2 1 2 1 2 1 2 1 2 0 
1 0 0 1 2 1 2 1 2 1 2 1 2 0 
1 0 0 1 2 1 2 1 2 1 2 1 2 0 
1 0 0 1 2 1 2 1 2 1 2 1 2 0 
1 0 0 1 2 1 2 1 2 1 2 1 2 0 
1 0 0 1 2 1 2 1 2 1 2 1 2 0 
1 0 0 1 2 1 2 1 2 1 2 1 2 0 
1 0 0 1 2 1 2 1 2 1 2 1 2 0 
1 0 0 1 2 1 2 1 2 1 2 1 2 0 
1 0 0 1 2 1 2 1 2 1 2 1 2 0 
1 0 0 1 2 1 2 1 2 1 2 1 2 0 
1 0 0 1 2 1 2 1 2 1 2 1 2 0 
1 0 0 1 2 1 2 1 2 1 2 1 2 0 
1 0 0 1 2 1 2 1 2 1 2 1 2 0 
1 0 0 1 2 1 2 1 2 1 2 1 2 0 
1 0 0 1 2 1 2 1 2 1 2 1 2 0 
1 0 0 1 2 1 2 1 2 1 2 1 2 0 
1 0 0 1 2 1 2 1 2 1 2 1 2 0 
1 0 0 1 2 1 2 1 2 1 2 1 2 0 
1 0 0 1 2 1 2 1 2 1 2 1 2 0 
1 0 0 1 2 1 2 1 2 1 2 1 2 0 
1 0 0 1 2 1 2 1 2 1 2 1 2 0 
1 0 0 1 2 1 2 2 2 1 2 1 2 0 
1 0 0 1 2 1 2 2 2 1 2 1 2 0 
1 0 0 1 2 1 2 2 2 1 2 1 2 0 
1 0 0 1 2 1 2 2 2 1 2 1 2 0 
1 0 0 1 2 1 2 2 2 2 2 1 2 0 
1 0 0 1 2 1 2 2 2 2 2 1 2 0 
1 0 0 1 2 1 2 2 2 2 2 1 2 0 
1 0 0 1 2 1 2 2 2 1 2 1 2 0 
1 0 0 1 2 1 2 2 2 1 2 1 2 0 
1 0 0 1 2 1 2 2 2 1 2 1 2 0 
1 0 0 1 2 1 2 2 2 1 2 1 2 0 
1 0 0 1 2 1 2 2 2 1 2 1 2 0 
1 0 0 1 2 1 2 2 2 1 2 1 2 0 
1 0 0 1 2 1 2 2 2 1 2 1 2 0 
1 0 0 1 2 1 2 2 2 1 2 1 2 0 
1 0 0 1 2 1 2 2 2 1 2 1 2 0 
1 0 0 1 2 1 2 2 2 1 2 1 2 0 
1 0 0 1 2 1 2 2 2 1 2 1 2 0 
1 0 0 1 2 1 2 2 2 3 2 3 2 0 
1 0 0 1 2 1 2 1 2 5 2 5 2 0 
1 0 0 1 2 1 2 1 2 6 2 6 2 2 
1 0 0 1 2 2 2 1 2 6 2 6 2 2 
1 0 0 1 2 2 2 1 2 6 2 6 2 2 
1 0 0 1 2 1 2 1 2 1 2 1 2 0 
1 0 0 1 2 1 2 1 2 1 2 1 2 0 
1 0 0 1 2 1 2 1 2 1 2 1 2 0 
1 0 0 1 2 1 2 1 2 1 2 1 2 0 
1 0 0 1 2 1 2 1 2 1 2 1 2 0 
1 0 0 1 2 1 2 1 2 1 2 1 2 0 
1 0 0 1 2 1 2 1 2 1 2 1 2 0 
1 0 0 1 2 1 2 1 2 1 2 1 2 0 
1 0 0 1 2 1 2 1 2 1 2 1 2 0 
1 0 0 1 2 1 2 1 2 1 2 1 2 0 
1 0 0 1 2 1 2 1 2 1 2 1 2 0 
1 0 0 1 2 1 2 1 2 1 2 1 2 0 
1 0 0 1 2 1 2 1 2 1 2 1 2 0 
1 0 0 1 2 1 2 1 2 1 2 1 2 0 
1 0 0 1 2 1 2 1 2 1 2 1 2 0 
1 0 0 1 2 1 2 1 2 1 2 1 2 0 
1 0 0 1 2 1 2 1 2 1 2 1 2 0 
1 0 0 1 2 1 2 1 2 1 2 1 2 0 
1 0 0 1 2 1 2 1 2 1 2 1 2 0 
1 0 0 1 2 1 2 1 2 1 2 1 2 0 
1 0 0 1 2 1 2 1 2 1 2 1 2 0 
1 0 0 1 2 1 2 1 2 1 2 1 2 0 
1 0 0 1 2 1 2 1 2 1 2 1 2 0 
1 0 0 1 2 1 2 1 2 1 2 1 2 0 
1 0 0 1 2 1 2 1 2 1 2 1 2 0 
1 0 0 1 2 1 2 1 2 1 2 1 2 0 
1 0 0 1 2 1 2 1 2 1 2 1 2 0 
1 0 0 1 2 1 2 1 2 1 2 1 2 0 
1 0 0 1 2 1 2 1 2 1 2 1 2 0 
1 0 0 1 2 1 2 1 2 1 2 1 2 0 
1 0 0 1 2 1 2 1 2 1 2 1 2 0 
1 0 0 1 2 1 2 1 2 1 2 2 2 0 
1 0 0 1 2 1 2 1 2 1 2 2 2 0 
1 0 0 1 2 1 2 1 2 1 2 2 2 0 
1 0 0 1 2 1 2 1 2 1 2 2 2 0 
1 0 0 1 2 1 2 1 2 1 2 2 2 0 
1 0 0 1 2 1 2 1 2 1 2 2 2 0 
1 0 0 1 2 1 2 1 2 1 2 2 2 0 
1 0 0 1 2 1 2 1 2 1 2 2 2 0 
1 0 0 1 2 1 2 1 2 1 2 2 2 0 
1 0 0 1 2 1 2 1 2 1 2 2 2 0 
1 0 0 1 2 1 2 1 2 1 2 2 2 0 
1 0 0 1 2 1 2 1 2 1 2 2 2 0 
1 0 0 1 2 1 2 1 2 1 2 2 2 0 
1 0 0 1 2 1 2 1 2 1 2 2 2 0 
1 0 0 1 2 1 2 1 2 1 2 2 2 0 
1 0 0 1 2 1 2 1 2 1 2 2 2 0 
1 0 0 1 2 1 2 1 2 1 2 2 2 0 
1 0 0 1 2 1 2 1 2 1 2 2 2 0 
1 0 0 1 2 1 2 1 2 1 2 2 2 0 
1 0 0 1 2 1 2 1 2 1 2 2 2 0 
1 0 0 1 2 1 2 1 2 1 2 2 2 0 
1 0 0 1 2 1 2 1 2 1 2 2 2 0 
1 0 0 1 2 1 2 1 2 1 2 2 2 0 
1 0 0 1 2 1 2 1 2 1 2 2 2 0 
1 0 0 1 2 1 2 1 2 1 2 2 2 0 
1 0 0 1 2 1 2 1 2 1 2 2 2 0 
1 0 0 1 2 1 2 1 2 1 2 2 2 0 
1 0 0 1 2 1 2 1 2 1 2 2 2 0 
1 0 0 1 2 1 2 1 2 1 2 2 2 0 
1 0 0 1 2 1 2 1 2 1 2 2 2 0 
1 0 0 1 2 1 2 1 2 1 2 2 2 0 
1 0 0 1 2 1 2 1 2 1 2 2 2 0 
1 0 0 1 2 1 2 1 2 1 2 2 2 0 
1 0 0 1 2 1 2 1 2 1 2 2 2 0 
1 0 0 1 2 1 2 1 2 1 2 2 2 0 
1 0 0 1 2 1 2 1 2 1 2 2 2 0 
1 0 0 1 2 1 2 1 2 1 2 2 2 0 
1 0 0 1 2 1 2 1 2 1 2 2 2 0 
1 0 0 1 2 1 2 1 2 1 2 2 2 0 
1 0 0 1 2 1 2 1 2 1 2 2 2 0 
1 0 0 1 2 1 2 1 2 1 2 2 2 0 
1 0 0 1 2 1 2 1 2 1 2 2 2 0 
1 0 0 1 2 1 2 1 2 1 2 2 2 0 
1 0 0 1 2 1 2 1 2 1 2 2 2 0 
1 0 0 1 2 1 2 1 2 1 2 2 2 0 
1 0 0 1 2 1 2 1 2 1 2 2 2 0 
1 0 0 1 2 1 2 1 2 1 2 2 2 0 
1 0 0 1 2 1 2 1 2 1 2 2 2 0 
1 0 0 1 2 1 2 1 2 1 2 2 2 0 
1 0 0 1 2 1 2 1 2 1 2 2 2 0 
1 0 0 1 2 1 2 1 2 1 2 2 2 0 
1 0 0 1 2 1 2 1 2 1 2 2 2 0 
1 0 0 1 2 1 2 1 2 1 2 2 2 0 
1 0 0 1 2 1 2 1 2 1 2 2 2 0 
1 0 0 1 2 1 2 1 2 1 2 2 2 0 
1 0 0 1 2 1 2 1 2 1 2 1 2 0 
1 0 0 1 2 1 2 1 2 1 2 1 2 0 
1 0 0 1 2 1 2 1 2 1 2 1 2 0 
1 0 0 1 2 1 2 1 2 1 2 1 2 0 
1 0 0 1 2 1 2 1 2 1 2 1 2 0 
1 0 0 1 2 1 2 1 2 1 2 1 2 0 
1 0 0 1 2 1 2 1 2 1 2 1 2 0 
1 0 0 1 2 1 2 1 2 1 2 1 2 0 
1 0 0 1 2 1 2 1 2 1 2 1 2 0 
1 0 0 1 2 1 2 1 2 1 2 1 2 0 
1 0 0 1 2 1 2 1 2 1 2 1 2 0 
1 0 0 1 2 1 2 1 2 1 2 1 2 0 
1 0 0 1 2 1 2 1 2 1 2 1 2 0 
1 0 0 1 2 1 2 1 2 1 2 1 2 0 
1 0 0 1 2 1 2 1 2 1 2 1 2 0 
1 0 0 1 2 1 2 1 2 1 2 1 2 0 
1 0 0 1 2 1 2 1 2 1 2 1 2 0 
1 0 0 1 2 1 2 1 2 1 2 1 2 0 
1 0 0 1 2 1 2 1 2 1 2 1 2 0 
1 0 0 1 2 1 2 1 2 1 2 1 2 0 
1 0 0 1 2 1 2 1 2 1 2 1 2 0 
1 0 0 1 2 1 2 1 2 1 2 1 2 0 
1 0 0 1 2 1 2 1 2 1 2 1 2 0 
1 0 0 1 2 1 2 1 2 1 2 1 2 0 
1 0 0 1 2 1 2 1 2 1 2 1 2 0 
1 0 0 1 2 1 2 1 2 1 2 1 2 0 
1 0 0 1 2 1 2 1 2 1 2 1 2 0 
1 0 0 1 2 1 2 1 2 1 2 1 2 0 
1 0 0 1 2 1 2 1 2 1 2 1 2 0 
1 0 0 1 2 1 2 1 2 1 2 1 2 0 
1 0 0 1 2 1 2 1 2 1 2 1 2 0 
1 0 0 1 2 1 2 1 2 1 2 1 2 0 
1 0 0 1 2 1 2 1 2 1 2 1 2 0 
1 0 0 1 2 1 2 1 2 1 2 1 2 0 
1 0 0 1 2 1 2 1 2 1 2 1 2 0 
1 0 0 1 2 1 2 1 2 1 2 1 2 0 
1 0 0 1 2 1 2 1 2 1 2 1 2 0 
1 0 0 1 2 1 2 1 2 1 2 1 2 0 
1 0 0 1 2 1 2 1 2 1 2 1 2 0 
1 0 0 1 2 1 2 1 2 1 2 1 2 0 
1 0 0 1 2 1 2 1 2 1 2 1 2 0 
1 0 0 1 2 1 2 1 2 1 2 1 2 0 
1 0 0 1 2 1 2 1 2 1 2 1 2 0 
1 0 0 1 2 1 2 1 2 1 2 1 2 0 
1 0 0 1 2 1 2 1 2 1 2 1 2 0 
1 0 0 1 2 1 2 1 2 1 2 1 2 0 
1 0 0 1 2 1 2 1 2 1 2 1 2 0 
1 0 0 1 2 1 2 1 2 1 2 1 2 0 
1 0 0 1 2 1 2 1 2 1 2 1 2 0 
1 0 0 1 2 1 2 1 2 1 2 1 2 0 
1 0 0 1 2 1 2 1 2 1 2 1 2 0 
1 0 0 1 2 1 2 1 2 1 2 1 2 0 
1 0 0 1 2 1 2 1 2 1 2 1 2 0 
1 0 0 1 2 1 2 1 2 1 2 1 2 0 
1 0 0 1 2 1 2 1 2 1 2 1 2 0 
1 0 0 1 2 1 2 1 2 1 2 1 2 0 
1 0 0 1 2 1 2 1 2 1 2 1 2 0 
1 0 0 1 2 1 2 1 2 1 2 1 2 0 
1 0 0 1 2 1 2 1 2 1 2 1 2 0 
1 0 0 1 2 1 2 1 2 1 2 1 2 0 
1 0 0 1 2 1 2 1 2 1 2 1 2 0 
1 0 0 1 2 1 2 1 2 1 2 1 2 0 
1 0 0 1 2 1 2 1 2 1 2 1 2 0 
1 0 0 1 2 1 2 1 2 1 2 1 2 0 
1 0 0 1 2 1 2 1 2 1 2 1 2 0 
1 0 0 1 2 1 2 1 2 1 2 1 2 0 
1 0 0 1 2 1 2 1 2 1 2 1 2 0 
1 0 0 1 2 1 2 1 2 1 2 1 2 0 
1 0 0 1 2 1 2 1 2 1 2 1 2 0 
1 0 0 2 2 1 2 1 2 1 2 1 2 0 
1 0 0 2 2 1 2 1 2 1 2 1 2 0 
1 0 0 2 2 1 2 1 2 1 2 1 2 0 
1 0 0 2 2 1 2 1 2 1 2 1 2 0 
1 0 0 2 2 1 2 1 2 1 2 1 2 0 
1 0 0 2 2 1 2 1 2 1 2 1 2 0 
1 0 0 2 2 1 2 1 2 1 2 1 2 0 
1 0 0 2 2 1 2 1 2 1 2 1 2 0 
1 0 0 2 2 1 2 1 2 1 2 1 2 0 
1 0 0 2 2 1 2 1 2 1 2 1 2 0 
1 0 0 2 2 1 2 1 2 1 2 1 2 0 
1 0 0 2 2 1 2 1 2 1 2 1 2 0 
1 0 0 2 2 1 2 1 2 1 2 1 2 0 
1 0 0 2 2 1 2 1 2 1 2 1 2 0 
1 0 0 2 2 1 2 1 2 1 2 1 2 0 
1 0 0 2 2 1 2 1 2 1 2 1 2 0 
1 0 0 2 2 1 2 1 2 1 2 1 2 0 
1 0 0 2 2 1 2 1 2 1 2 1 2 0 
1 0 0 2 2 1 2 1 2 1 2 1 2 0 
1 0 0 2 2 1 2 1 2 1 2 1 2 0 
1 0 0 2 2 1 2 1 2 1 2 1 2 0 
1 0 0 2 2 1 2 1 2 1 2 1 2 0 
1 0 0 2 2 1 2 1 2 1 2 1 2 0 
1 0 0 2 2 1 2 1 2 1 2 1 2 0 
1 0 0 1 2 1 2 1 2 1 2 1 2 0 
1 0 0 1 2 1 2 1 2 1 2 1 2 0 
1 0 0 1 2 1 2 1 2 1 2 1 2 0 
1 0 0 1 2 1 2 1 2 1 2 1 2 0 
1 0 0 1 2 1 2 1 2 1 2 1 2 0 
1 0 0 1 2 1 2 1 2 1 2 1 2 0 
1 0 0 1 2 1 2 1 2 1 2 1 2 0 
1 0 0 1 2 1 2 1 2 1 2 1 2 0 
1 0 0 1 2 1 2 1 2 1 2 1 2 0 
1 0 0 1 2 1 2 1 2 1 2 1 2 0 
1 0 0 1 2 1 2 1 2 1 2 1 2 0 
1 0 0 1 2 1 2 1 2 1 2 1 2 0 
1 0 0 1 2 1 2 1 2 1 2 1 2 0 
1 0 0 1 2 1 2 1 2 1 2 1 2 0 
1 0 0 1 2 1 2 1 2 1 2 1 2 0 
1 0 0 1 2 1 2 1 2 1 2 1 2 0 
1 0 0 1 2 1 2 1 2 1 2 1 2 0 
1 0 0 1 2 1 2 1 2 1 2 1 2 0 
1 0 0 1 2 1 2 1 2 1 2 1 2 0 
1 0 0 1 2 1 2 1 2 1 2 1 2 0 
1 0 0 1 2 1 2 1 2 1 2 1 2 0 
1 0 0 1 2 1 2 1 2 1 2 1 2 0 
1 0 0 1 2 1 2 1 2 1 2 1 2 0 
1 0 0 1 2 1 2 1 2 1 2 1 2 0 
1 0 0 1 2 1 2 1 2 1 2 1 2 0 
1 0 0 1 2 1 2 1 2 1 2 1 2 0 
1 0 0 1 2 1 2 1 2 1 2 1 2 0 
1 0 0 1 2 1 2 1 2 1 2 1 2 0 
1 0 0 1 2 1 2 1 2 1 2 1 2 0 
1 0 0 1 2 1 2 1 2 1 2 1 2 0 
1 0 0 1 2 1 2 1 2 1 2 1 2 0 
1 0 0 1 2 1 2 1 2 1 2 1 2 0 
1 0 0 1 2 1 2 1 2 1 2 1 2 0 
1 0 0 1 2 1 2 1 2 1 2 1 2 0 
1 0 0 1 2 1 2 1 2 1 2 1 2 0 
1 0 0 1 2 1 2 1 2 1 2 1 2 0 
1 0 0 1 2 1 2 1 2 1 2 1 2 0 
1 0 0 1 2 1 2 1 2 1 2 1 2 0 
1 0 0 1 2 1 2 1 2 1 2 1 2 0 
1 0 0 1 2 1 2 1 2 1 2 1 2 0 
1 0 0 1 2 1 2 1 2 1 2 1 2 0 
1 0 0 1 2 1 2 1 2 1 2 1 2 0 
1 0 0 1 2 1 2 1 2 1 2 1 2 0 
1 0 0 1 2 1 2 1 2 1 2 1 2 0 
1 0 0 1 2 1 2 1 2 1 2 1 2 0 
1 0 0 1 2 1 2 1 2 1 2 1 2 0 
1 0 0 1 2 1 2 1 2 1 2 1 2 0 
1 0 0 1 2 1 2 1 2 1 2 1 2 0 
1 0 0 1 2 1 2 1 2 1 2 1 2 0 
1 0 0 1 2 1 2 1 2 1 2 1 2 0 
1 0 0 1 2 1 2 1 2 1 2 1 2 0 
1 0 0 1 2 1 2 1 2 1 2 1 2 0 
1 0 0 1 2 1 2 1 2 1 2 1 2 0 
1 0 0 1 2 1 2 1 2 1 2 1 2 0 
1 0 0 1 2 1 2 1 2 1 2 1 2 0 
1 0 0 1 2 1 2 1 2 1 2 1 2 0 
1 0 0 1 2 1 2 1 2 1 2 1 2 0 
1 0 0 1 2 1 2 1 2 1 2 1 2 0 
1 0 0 1 2 1 2 1 2 1 2 1 2 0 
1 0 0 1 2 1 2 1 2 1 2 1 2 0 
1 0 0 1 2 1 2 1 2 1 2 1 2 0 
1 0 0 1 2 1 2 1 2 1 2 1 2 0 
1 0 0 1 2 1 2 1 2 1 2 1 2 0 
1 0 0 1 2 1 2 1 2 1 2 1 2 0 
1 0 0 1 2 1 2 1 2 1 2 1 2 0 
1 0 0 1 2 1 2 1 2 1 2 1 2 0 
1 0 0 1 2 1 2 1 2 1 2 1 2 0 
1 0 0 1 2 1 2 1 2 1 2 1 2 0 
1 0 0 1 2 1 2 1 2 1 2 1 2 0 
1 0 0 1 2 1 2 1 2 1 2 1 2 0 
1 0 0 1 2 1 2 1 2 1 2 1 2 0 
1 0 0 1 2 1 2 1 2 1 2 1 2 0 
1 0 0 1 2 1 2 1 2 1 2 1 2 0 
1 0 0 1 2 1 2 1 2 1 2 1 2 0 
1 0 0 1 2 1 2 1 2 1 2 1 2 0 
1 0 0 1 2 1 2 1 2 1 2 1 2 0 
1 0 0 1 2 1 2 1 2 1 2 1 2 0 
1 0 0 1 2 1 2 1 2 1 2 1 2 0 
1 0 0 1 3 1 2 1 2 1 2 1 2 0 
1 0 0 1 3 1 2 1 2 1 2 1 2 0 
1 0 0 1 3 1 2 1 2 1 2 1 2 0 
1 0 0 1 3 1 2 1 2 1 2 1 2 0 
1 0 0 1 3 1 2 1 2 1 2 1 2 0 
1 0 0 1 3 1 2 1 2 1 2 1 2 0 
1 0 0 1 3 1 2 1 2 1 2 1 2 0 
1 0 0 1 3 1 2 1 2 1 2 1 2 0 
1 0 0 1 3 1 2 1 2 1 2 1 2 0 
1 0 0 1 3 1 2 1 2 1 2 1 2 0 
1 0 0 1 3 1 2 1 2 1 2 1 2 0 
1 0 0 1 3 1 2 1 2 1 2 1 2 0 
1 0 0 1 3 1 2 1 2 1 2 1 2 0 
1 0 0 1 3 1 2 1 2 1 2 1 2 0 
1 0 0 1 3 1 2 1 2 1 2 1 2 0 
1 0 0 1 3 1 2 1 2 1 2 1 2 0 
1 0 0 1 3 1 2 1 2 1 2 1 2 0 
1 0 0 1 3 1 2 1 2 1 2 1 2 0 
1 0 0 1 3 1 2 1 2 1 2 1 2 0 
1 0 0 1 3 1 2 1 2 1 2 1 2 0 
1 0 0 1 3 1 2 1 2 1 2 1 2 0 
1 0 0 1 3 1 2 1 2 1 2 1 2 0 
1 0 0 1 3 1 2 1 2 1 2 1 2 0 
1 0 0 1 3 1 2 1 2 1 2 1 2 0 
1 0 0 1 3 1 2 1 2 1 2 1 2 0 
1 0 0 1 3 1 2 1 2 1 2 1 2 0 
1 0 0 1 3 1 2 1 2 1 2 1 2 0 
1 0 0 1 3 1 2 1 2 1 2 1 2 0 
1 0 0 1 3 1 2 1 2 1 2 1 2 0 
1 0 0 1 3 1 2 1 2 1 2 1 2 0 
1 0 0 1 3 1 2 1 2 1 2 1 2 0 
1 0 0 1 3 1 2 1 2 1 2 1 2 0 
1 0 0 1 3 1 2 1 2 1 2 1 2 0 
1 0 0 1 3 1 2 1 2 1 2 1 2 0 
1 0 0 1 2 1 2 1 2 1 2 1 2 0 
1 0 0 1 2 1 2 1 2 1 2 1 2 0 
1 0 0 1 2 1 2 1 2 1 2 1 2 0 
1 0 0 1 2 1 2 1 2 1 2 1 2 0 
1 0 0 1 2 1 2 1 2 1 2 1 2 0 
1 0 0 1 2 1 2 1 2 1 2 1 2 0 
1 0 0 1 2 1 2 1 2 1 2 1 2 0 
1 0 0 1 2 1 2 1 2 1 2 1 2 0 
1 0 0 1 2 1 2 1 2 1 2 1 2 0 
1 0 0 1 2 1 2 1 2 1 2 1 2 0 
1 0 0 1 2 1 2 1 2 1 2 1 2 0 
1 0 0 1 2 1 2 1 2 1 2 1 2 0 
1 0 0 1 2 1 2 1 2 1 2 1 2 0 
1 0 0 1 2 1 2 1 2 1 2 1 2 0 
1 0 0 1 2 1 2 1 2 1 2 1 2 0 
1 0 0 1 2 1 2 1 2 1 2 1 2 0 
1 0 0 1 2 1 2 1 2 1 2 1 2 0 
1 0 0 1 2 1 2 1 2 1 2 1 2 0 
1 0 0 1 2 1 2 1 2 1 2 1 2 0 
1 0 0 1 2 1 2 1 2 1 2 1 2 0 
1 0 0 1 2 1 2 1 2 1 2 1 2 0 
1 0 0 1 2 1 2 1 2 1 2 1 2 0 
1 0 0 2 2 1 2 1 2 1 2 1 2 0 
1 0 0 2 2 1 2 1 2 1 2 1 2 0 
1 0 0 2 2 1 2 1 2 1 2 1 2 0 
1 0 0 2 2 1 2 1 2 1 2 1 2 0 
1 0 0 2 2 1 2 1 2 1 2 1 2 0 
1 0 0 2 3 1 2 1 2 1 2 1 2 0 
1 0 0 2 3 1 2 1 2 1 2 1 2 0 
1 0 0 2 3 1 2 1 2 1 2 1 2 0 
1 0 0 2 3 1 2 1 2 1 2 1 2 0 
1 0 0 2 3 1 2 1 2 1 2 1 2 0 
1 0 0 2 3 1 2 1 2 1 2 1 2 0 
1 0 0 2 3 1 2 1 2 1 2 1 2 0 
1 0 0 2 3 1 2 1 2 1 2 1 2 0 
1 0 0 2 3 1 2 1 2 1 2 1 2 0 
1 0 0 2 3 1 2 1 2 1 2 1 2 0 
1 0 0 2 3 1 2 1 2 1 2 1 2 0 
1 0 0 2 3 1 2 1 2 1 2 1 2 0 
1 0 0 2 3 1 2 1 2 1 2 1 2 0 
1 0 0 2 3 1 2 1 2 1 2 1 2 0 
1 0 0 2 3 1 2 1 2 1 2 1 2 0 
1 0 0 2 3 1 2 1 2 1 2 1 2 0 
1 0 0 2 3 1 2 1 2 1 2 1 2 0 
1 0 0 2 3 1 2 1 2 1 2 1 2 0 
1 0 0 2 3 1 2 1 2 1 2 1 2 0 
1 0 0 2 3 1 2 1 2 1 2 1 2 0 
1 0 0 2 3 1 2 1 2 1 2 1 2 0 
1 0 0 2 3 1 2 1 2 1 2 1 2 0 
1 0 0 2 3 1 2 1 2 1 2 1 2 0 
1 0 0 2 3 1 2 1 2 1 2 1 2 0 
1 0 0 2 3 1 2 1 2 1 2 1 2 0 
1 0 0 2 3 2 2 1 2 1 2 1 2 0 
1 0 0 2 2 2 2 1 2 1 2 1 2 0 
1 0 0 2 2 2 2 1 2 1 2 1 2 0 
1 0 0 2 2 2 2 4 2 2 2 1 2 0 
1 0 0 2 2 2 2 6 3 4 2 4 2 1 
1 0 0 2 2 2 2 8 3 8 3 7 3 3 
1 0 1 2 2 2 2 8 3 8 3 8 3 3 
1 0 1 2 2 2 2 8 3 8 3 8 3 3 
1 0 1 2 2 4 2 8 3 8 3 8 3 3 
1 1 1 2 2 5 2 8 3 8 3 8 3 3 
1 1 1 2 2 6 3 8 3 8 3 8 3 4 
1 1 1 2 2 7 3 8 3 8 3 8 3 4 
1 1 1 2 2 7 3 8 3 8 3 8 3 4 
1 1 1 2 2 8 3 8 3 8 3 8 3 4 
1 1 1 2 2 8 3 8 3 8 3 8 3 4 
1 1 1 2 2 8 3 8 3 9 3 8 3 4 
1 1 1 2 2 8 3 8 3 9 3 8 3 4 
1 1 1 2 2 8 3 8 3 9 3 8 3 4 
1 1 1 2 2 8 3 8 3 8 3 8 3 4 
1 1 1 2 2 8 3 8 3 8 3 8 3 4 
1 1 1 2 2 8 3 8 3 8 3 8 3 4 
1 1 1 2 2 8 3 8 3 8 3 8 3 4 
1 1 1 2 2 8 3 8 3 8 3 8 3 4 
1 1 1 2 2 8 3 8 3 8 3 8 3 4 
1 1 1 2 2 8 3 8 3 8 3 8 3 4 
1 1 1 2 2 8 3 8 3 8 3 8 3 4 
1 1 1 2 2 8 3 8 3 8 3 8 3 4 
1 1 1 2 2 8 3 8 3 8 3 8 3 4 
1 1 1 1 2 8 3 8 3 8 3 8 3 4 
1 1 1 1 2 8 3 8 3 8 3 8 3 4 
1 1 1 1 2 8 3 8 3 8 3 8 3 4 
1 1 0 1 2 8 3 8 3 8 3 8 3 4 
1 1 0 1 2 8 3 8 3 8 3 8 3 4 
1 1 0 1 2 8 3 8 3 8 3 8 3 4 
1 1 0 1 2 8 3 8 3 8 3 8 3 4 
1 1 0 1 2 8 3 8 3 8 3 8 3 4 
1 1 0 1 2 8 3 8 3 8 3 8 3 4 
1 1 0 1 2 8 3 8 3 8 3 8 3 4 
1 1 0 1 2 8 3 8 3 8 3 8 3 4 
1 1 0 1 2 8 3 8 3 8 3 8 3 4 
1 1 0 1 2 8 3 8 3 8 3 8 3 4 
1 1 0 1 2 8 3 8 3 8 3 8 3 4 
1 1 0 1 2 8 3 8 3 8 3 8 3 4 
1 1 0 1 2 8 3 8 3 8 3 8 3 4 
1 1 0 1 2 8 3 8 3 8 3 8 3 4 
1 1 0 1 2 8 3 8 3 8 3 8 3 4 
1 1 0 1 2 8 3 8 3 9 3 9 3 4 
1 1 0 1 2 8 3 8 3 9 3 9 3 4 
1 1 0 1 2 8 3 8 3 9 3 9 3 4 
1 1 0 1 2 8 3 8 3 9 3 9 3 4 
1 1 0 1 2 8 3 8 3 9 3 9 3 4 
1 1 0 1 2 8 3 8 3 8 3 9 3 4 
1 1 0 1 2 8 3 8 3 8 3 9 3 4 
1 1 0 1 2 8 3 8 3 8 3 9 3 4 
1 1 0 1 2 8 3 8 3 8 3 9 3 4 
1 0 0 1 2 4 2 6 3 6 3 6 3 3 
1 0 0 2 2 2 2 5 3 5 2 5 2 0 
1 0 0 2 2 2 2 4 2 4 2 4 2 0 
1 0 0 2 2 1 2 3 2 3 2 4 2 0 
1 0 0 2 2 1 2 3 2 3 2 3 2 0 
1 0 0 2 2 1 2 3 2 3 2 3 2 0 
1 0 0 2 2 1 2 3 2 3 2 3 2 0 
1 0 0 2 2 1 2 2 2 3 2 3 2 0 
1 0 0 2 2 2 2 2 2 2 2 3 2 0 
1 0 0 2 2 2 2 2 2 2 2 3 2 0 
1 0 0 2 2 2 2 2 2 2 2 2 2 0 
1 0 0 2 2 2 2 2 2 2 2 2 2 0 
1 0 0 2 2 2 2 2 2 2 2 2 2 0 
1 0 0 2 2 2 2 1 2 2 2 2 2 0 
1 0 0 2 2 1 2 1 2 2 2 2 2 0 
1 0 0 2 2 1 2 1 2 2 2 2 2 0 
1 0 0 1 2 1 2 1 2 2 2 2 2 0 
1 0 0 1 2 1 2 1 2 1 2 2 2 0 
1 0 0 1 2 1 2 1 2 1 2 2 2 0 
1 0 0 1 2 1 2 1 2 1 2 2 2 0 
1 0 0 1 2 1 2 1 2 1 2 2 2 0 
1 0 0 1 2 1 2 1 2 1 2 2 2 0 
1 0 0 1 2 1 2 1 2 1 2 2 2 0 
1 0 0 1 2 1 2 1 2 1 2 2 2 0 
1 0 0 1 2 1 2 1 2 1 2 1 2 0 
1 0 0 1 2 1 2 1 2 1 2 1 2 0 
1 0 0 1 2 1 2 1 2 1 2 1 2 0 
1 0 0 1 3 1 2 1 2 1 2 1 2 0 
1 0 0 1 3 1 2 1 2 1 2 1 2 0 
1 0 0 1 3 1 2 1 2 1 2 1 2 0 
1 0 0 1 3 1 2 1 2 1 2 1 2 0 
1 0 0 1 3 1 2 1 2 1 2 1 2 0 
1 0 0 1 3 1 2 1 2 1 2 1 2 0 
1 0 0 1 3 1 2 1 2 1 2 1 2 0 
1 0 0 1 3 1 2 1 2 1 2 1 2 0 
1 0 0 1 3 1 2 1 2 1 2 1 2 0 
1 0 0 1 3 1 2 1 2 1 2 1 2 0 
1 0 0 1 3 1 2 1 2 1 2 1 2 0 
1 0 0 1 3 1 2 1 2 1 2 1 2 0 
1 0 0 1 3 1 2 1 2 1 2 1 2 0 
1 0 0 1 3 1 2 1 2 1 2 1 2 0 
1 0 0 1 3 1 2 1 2 1 2 1 2 0 
1 0 0 1 3 1 2 1 2 1 2 1 2 0 
1 0 0 1 3 1 2 1 2 1 2 1 2 0 
1 0 0 1 3 1 2 1 2 1 2 1 2 0 
1 0 0 1 3 1 2 1 2 1 2 1 2 0 
1 0 0 1 3 1 2 1 2 1 2 1 2 0 
1 0 0 1 3 1 2 1 2 1 2 1 2 0 
1 0 0 1 3 1 2 1 2 1 2 1 2 0 
1 0 0 1 3 1 2 1 2 1 2 1 2 0 
1 0 0 1 3 1 2 1 2 1 2 1 2 0 
1 0 0 1 3 1 2 1 2 1 2 1 2 0 
1 0 0 1 3 1 2 1 2 1 2 1 2 0 
1 0 0 1 3 1 2 1 2 1 2 1 2 0 
1 0 0 1 3 1 2 1 2 1 2 1 2 0 
1 0 0 1 3 1 2 1 2 1 2 1 2 0 
1 0 0 1 3 1 2 1 2 1 2 1 2 0 
1 0 0 1 3 1 2 1 2 1 2 1 2 0 
1 0 0 1 3 1 2 1 2 1 2 1 2 0 
1 0 0 1 3 1 2 1 2 1 2 1 2 0 
1 0 0 1 3 1 2 1 2 1 2 1 2 0 
1 0 0 1 3 1 2 1 2 1 2 1 2 0 
1 0 0 1 3 1 2 1 2 1 2 1 2 0 
1 0 0 1 3 1 2 1 2 1 2 1 2 0 
1 0 0 1 3 1 2 1 2 1 2 1 2 0 
1 0 0 1 3 1 2 1 2 1 2 1 2 0 
1 0 0 1 3 1 2 1 2 1 2 1 2 0 
1 0 0 1 3 1 2 1 2 1 2 1 2 0 
1 0 0 1 3 1 2 1 2 1 2 1 2 0 
1 0 0 1 3 1 2 1 2 1 2 1 2 0 
1 0 0 1 3 1 2 1 2 1 2 1 2 0 
1 0 0 1 3 1 2 1 2 1 2 1 2 0 
1 0 0 1 3 1 2 1 2 1 2 1 2 0 
1 0 0 1 3 1 2 1 2 1 2 1 2 0 
1 0 0 1 3 1 2 1 2 1 2 1 2 0 
1 0 0 1 3 1 2 1 2 1 2 1 2 0 
1 0 0 1 3 1 2 1 2 1 2 1 2 0 
1 0 0 1 3 1 2 1 2 1 2 1 2 0 
1 0 0 1 3 1 2 1 2 1 2 1 2 0 
1 0 0 1 3 1 2 1 2 1 2 1 2 0 
1 0 0 1 3 1 2 1 2 1 2 1 2 0 
1 0 0 1 3 1 2 1 2 1 2 1 2 0 
1 0 0 1 3 1 2 1 2 1 2 1 2 0 
1 0 0 1 2 1 2 1 2 1 2 1 2 0 
1 0 0 1 2 1 2 1 2 1 2 1 2 0 
1 0 0 1 2 1 2 1 2 1 2 1 2 0 
1 0 0 1 2 1 2 1 2 1 2 1 2 0 
1 0 0 1 2 1 2 1 2 1 2 1 2 0 
1 0 0 1 2 1 2 1 2 1 2 1 2 0 
1 0 0 1 2 1 2 1 2 1 2 1 2 0 
1 0 0 1 2 1 2 1 2 1 2 1 2 0 
1 0 0 1 2 1 2 1 2 1 2 1 2 0 
1 0 0 1 2 1 2 1 2 1 2 1 2 0 
1 0 0 1 2 1 2 1 2 1 2 2 2 0 
1 0 0 1 2 1 2 1 2 1 2 6 3 1 
1 0 0 1 2 1 2 1 2 1 2 9 4 1 
1 0 0 1 2 1 2 1 2 1 2 9 4 1 
1 0 0 1 2 1 2 1 2 1 2 10 4 1 
1 0 0 1 2 1 2 1 2 1 2 10 4 1 
1 0 0 1 2 1 2 1 2 1 2 10 5 1 
1 0 0 1 2 1 2 1 2 1 2 10 5 1 
1 0 0 1 2 1 2 1 2 1 2 10 5 1 
1 0 0 1 2 1 2 1 2 1 2 10 5 1 
1 0 0 1 2 1 2 1 2 1 2 10 5 1 
1 0 0 1 2 1 2 1 2 1 2 10 5 1 
1 0 0 1 2 1 2 1 2 1 2 10 5 1 
1 0 0 1 2 1 2 1 2 1 2 10 5 1 
1 0 0 1 2 1 2 1 2 1 2 10 5 1 
1 0 0 1 2 1 2 1 2 1 2 10 5 1 
1 0 0 1 2 1 2 1 2 1 2 10 5 1 
1 0 0 1 2 1 2 1 2 1 2 10 5 1 
1 0 0 1 2 1 2 1 2 1 2 10 5 1 
1 0 0 1 2 1 2 1 2 1 2 10 5 1 
1 0 0 1 2 1 2 1 2 1 2 10 5 1 
1 0 0 1 2 1 2 1 2 1 2 10 5 1 
1 0 0 1 2 1 2 1 2 1 2 10 5 1 
1 0 0 1 2 1 2 1 2 1 2 10 5 1 
1 0 0 1 2 1 2 1 2 1 2 10 5 1 
1 0 0 1 2 1 2 1 2 1 2 10 5 1 
1 0 0 1 2 1 2 1 2 1 2 10 5 1 
1 0 0 1 2 1 2 1 2 1 2 10 5 1 
1 0 0 1 2 1 2 1 2 1 2 10 5 1 
1 0 0 1 2 1 2 1 2 1 2 10 5 1 
1 0 0 1 2 1 2 1 2 1 2 10 5 1 
1 0 0 1 2 1 2 1 2 1 2 10 5 1 
1 0 0 1 2 1 2 1 2 1 2 10 5 1 
1 0 0 1 2 1 2 1 2 1 2 10 5 1 
1 0 0 1 2 1 2 1 2 1 2 10 5 1 
1 0 0 1 2 1 2 1 2 1 2 10 5 1 
1 0 0 1 2 1 2 1 2 1 2 10 5 1 
1 0 0 1 2 1 2 1 2 1 2 10 5 1 
1 0 0 1 2 1 2 1 2 1 2 10 5 1 
1 0 0 1 2 1 2 1 2 1 2 10 5 1 
1 0 0 1 2 1 2 1 2 1 2 10 5 1 
1 0 0 1 2 1 2 1 2 1 2 10 5 1 
1 0 0 1 2 1 2 1 2 1 2 10 5 1 
1 0 0 1 2 1 2 1 2 1 2 10 5 1 
1 0 0 1 2 1 2 1 2 1 2 10 5 1 
1 0 0 1 2 1 2 1 2 1 2 10 5 1 
1 0 0 1 2 1 2 1 2 1 2 10 5 1 
1 0 0 1 2 1 2 1 2 1 2 10 5 1 
1 0 0 1 2 1 2 1 2 1 2 10 5 1 
1 0 0 1 2 1 2 1 2 1 2 10 5 1 
1 0 0 1 2 1 2 1 2 1 2 10 5 1 
1 0 0 1 2 1 2 1 2 1 2 10 5 1 
1 0 0 1 2 1 2 1 2 1 2 10 5 1 
1 0 0 1 2 1 2 1 2 1 2 10 5 1 
1 0 0 1 2 1 2 1 2 1 2 10 5 1 
1 0 0 1 2 1 2 1 2 1 2 10 5 1 
1 0 0 1 2 1 2 1 2 1 2 10 5 1 
1 0 0 1 2 1 2 1 2 1 2 10 5 1 
1 0 0 1 2 1 2 1 2 1 2 10 5 1 
1 0 0 1 2 1 2 1 2 1 2 10 5 1 
1 0 0 1 2 1 2 1 2 1 2 10 5 1 
1 0 0 1 2 1 2 1 2 1 2 10 5 1 
1 0 0 1 2 1 2 1 2 1 2 10 5 1 
1 0 0 1 2 1 2 1 2 1 2 10 5 1 
1 0 0 1 2 1 2 1 2 1 2 10 5 1 
1 0 0 1 2 1 2 1 2 1 2 10 5 1 
1 0 0 1 2 1 2 1 2 1 2 10 5 1 
1 0 0 1 2 1 2 1 2 1 2 10 5 1 
1 0 0 1 2 1 2 1 2 1 2 10 5 1 
1 0 0 1 2 1 2 1 2 1 2 10 5 1 
1 0 0 1 2 1 2 1 2 1 2 10 5 1 
1 0 0 3 2 1 2 1 2 1 2 1 2 0 
1 0 0 3 2 1 2 1 2 1 2 1 2 0 
1 0 0 3 2 1 2 1 2 1 2 1 2 0 
1 0 0 3 2 1 2 1 2 1 2 1 2 0 
1 0 0 2 2 1 2 1 2 1 2 1 2 0 
1 0 0 2 2 1 2 1 2 1 2 1 2 0 
1 0 0 2 2 1 2 1 2 1 2 1 2 0 
1 0 0 1 2 1 2 1 2 1 2 1 2 0 
1 0 0 1 2 1 2 1 2 1 2 1 2 0 
1 0 0 1 2 1 2 1 2 1 2 1 2 0 
1 0 0 1 2 1 2 1 2 1 2 1 2 0 
1 0 0 1 2 1 2 1 2 1 2 1 2 0 
1 0 0 1 2 1 2 1 2 1 2 1 2 0 
1 0 0 1 2 1 2 1 2 1 2 1 2 0 
1 0 0 1 2 1 2 1 2 1 2 1 2 0 
1 0 0 1 2 1 2 1 2 1 2 1 2 0 
1 0 0 1 2 1 2 1 2 1 2 1 2 0 
1 0 0 1 2 1 2 1 2 1 2 1 2 0 
1 0 0 1 2 1 2 1 2 1 2 1 2 0 
1 0 0 1 2 1 2 1 2 1 2 1 2 0 
1 0 0 1 2 1 2 1 2 1 2 1 2 0 
1 0 0 1 2 1 2 1 2 1 2 1 2 0 
1 0 0 1 2 1 2 1 2 1 2 1 2 0 
1 0 0 1 2 1 2 1 2 1 2 1 2 0 
1 0 0 1 2 1 2 1 2 1 2 1 2 0 
1 0 0 1 2 1 2 1 2 1 2 1 2 0 
1 0 0 1 2 1 2 1 2 1 2 1 2 0 
1 0 0 1 2 1 2 1 2 1 2 1 2 0 
1 0 0 1 2 1 2 1 2 1 2 1 2 0 
1 0 0 1 2 1 2 1 2 1 2 1 2 0 
1 0 0 1 2 1 2 1 2 1 2 1 2 0 
1 0 0 1 2 1 2 1 2 1 2 1 2 0 
1 0 0 1 2 1 2 1 2 1 2 1 2 0 
1 0 0 1 2 1 2 1 2 1 2 1 2 0 
1 0 0 1 3 1 2 1 2 1 2 1 2 0 
1 0 0 1 3 1 2 1 2 1 2 1 2 0 
1 0 0 1 3 1 2 1 2 1 2 1 2 0 
1 0 0 1 3 1 2 1 2 1 2 1 2 0 
1 0 0 1 3 1 2 1 2 1 2 1 2 0 
1 0 0 1 3 1 2 1 2 1 2 1 2 0 
1 0 0 1 3 1 2 1 2 1 2 1 2 0 
1 0 0 1 3 1 2 1 2 1 2 1 2 0 
1 0 0 1 3 1 2 1 2 1 2 1 2 0 
1 0 0 1 3 1 2 1 2 1 2 1 2 0 
1 0 0 2 3 1 2 1 2 1 2 1 2 0 
1 0 0 2 3 1 2 1 2 1 2 1 2 0 
1 0 0 2 3 1 2 1 2 1 2 1 2 0 
1 0 0 2 3 1 2 1 2 1 2 1 2 0 
1 0 0 2 3 1 2 1 2 1 2 1 2 0 
1 0 0 2 3 1 2 1 2 1 2 1 2 0 
1 0 0 2 3 1 2 1 2 1 2 1 2 0 
1 0 0 2 3 1 2 1 2 1 2 1 2 0 
1 0 0 2 3 1 2 1 2 1 2 1 2 0 
1 0 0 2 3 1 2 1 2 1 2 1 2 0 
1 0 0 2 3 1 2 1 2 1 2 1 2 0 
1 0 0 2 3 1 2 1 2 1 2 1 2 0 
1 0 0 2 3 1 2 1 2 1 2 1 2 0 
1 0 0 2 3 1 2 1 2 1 2 1 2 0 
1 0 0 2 3 1 2 1 2 1 2 1 2 0 
1 0 0 2 3 1 2 1 2 1 2 1 2 0 
1 0 0 3 3 1 2 1 2 1 2 1 2 0 
1 0 0 3 3 1 2 1 2 1 2 1 2 0 
1 0 0 3 3 1 2 1 2 1 2 1 2 0 
1 0 0 3 3 1 2 1 2 1 2 1 2 0 
1 0 0 3 3 1 2 1 2 1 2 1 2 0 
1 0 0 3 3 1 2 1 2 1 2 1 2 0 
1 0 0 3 3 1 2 1 2 1 2 1 2 0 
1 0 0 3 3 1 2 1 2 1 2 1 2 0 
1 0 0 3 3 1 2 1 2 1 2 1 2 0 
1 0 0 3 3 1 2 1 2 1 2 1 2 0 
1 0 0 3 3 1 2 1 2 1 2 1 2 0 
1 0 0 3 3 1 2 1 2 1 2 1 2 0 
1 0 0 3 3 1 2 1 2 1 2 1 2 0 
1 0 0 3 3 1 2 1 2 1 2 1 2 0 
1 0 0 3 3 1 2 1 2 1 2 1 2 0 
1 0 0 3 3 1 2 1 2 1 2 1 2 0 
1 0 0 3 3 1 2 1 2 1 2 1 2 0 
1 0 0 3 3 1 2 1 2 1 2 1 2 0 
1 0 0 2 3 1 2 1 2 1 2 1 2 0 
1 0 0 2 3 1 2 1 2 1 2 1 2 0 
1 0 0 2 3 1 2 1 2 1 2 1 2 0 
1 0 0 2 3 1 2 1 2 1 2 1 2 0 
1 0 0 2 3 1 2 1 2 1 2 1 2 0 
1 0 0 2 3 1 2 1 2 1 2 1 2 0 
1 0 0 2 3 1 2 1 2 1 2 1 2 0 
1 0 0 2 3 1 2 1 2 1 2 1 2 0 
1 0 0 2 3 1 2 1 2 1 2 1 2 0 
1 0 0 2 3 1 2 1 2 1 2 1 2 0 
1 0 0 2 3 1 2 1 2 1 2 1 2 0 
1 0 0 2 3 1 2 1 2 1 2 1 2 0 
1 0 0 2 3 1 2 1 2 1 2 1 2 0 
1 0 0 2 3 1 2 1 2 1 2 1 2 0 
1 0 0 1 3 1 2 1 2 1 2 1 2 0 
1 0 0 1 3 1 2 1 2 1 2 1 2 0 
1 0 0 1 3 1 2 1 2 1 2 1 2 0 
1 0 0 1 3 1 2 1 2 1 2 1 2 0 
1 0 0 1 3 1 2 1 2 1 2 1 2 0 
1 0 0 1 3 1 2 1 2 1 2 1 2 0 
1 0 0 1 3 1 2 1 2 1 2 1 2 0 
1 0 0 1 3 1 2 1 2 1 2 1 2 0 
1 0 0 1 3 1 2 1 2 1 2 1 2 0 
1 0 0 1 3 1 2 1 2 1 2 1 2 0 
1 0 0 1 3 1 2 1 2 1 2 1 2 0 
1 0 0 1 3 1 2 1 2 1 2 1 2 0 
1 0 0 1 3 1 2 1 2 1 2 1 2 0 
1 0 0 1 3 1 2 1 2 1 2 1 2 0 
1 0 0 1 3 1 2 1 2 1 2 1 2 0 
1 0 0 1 3 1 2 1 2 1 2 1 2 0 
1 0 0 1 3 1 2 1 2 1 2 1 2 0 
1 0 0 1 3 1 2 1 2 1 2 1 2 0 
1 0 0 1 3 1 2 1 2 1 2 1 2 0 
1 0 0 1 3 1 2 1 2 1 2 1 2 0 
1 0 0 1 3 1 2 1 2 1 2 1 2 0 
1 0 0 1 3 1 2 1 2 1 2 1 2 0 
1 0 0 1 3 1 2 1 2 1 2 1 2 0 
1 0 0 1 3 1 2 1 2 1 2 1 2 0 
1 0 0 1 3 1 2 1 2 1 2 1 2 0 
1 0 0 1 3 3 2 1 2 1 2 1 2 0 
1 0 0 1 3 4 2 1 2 1 2 1 2 0 
1 0 0 1 3 5 3 1 2 1 2 1 2 0 
1 0 0 1 3 6 3 1 2 1 2 1 2 1 
1 0 0 1 3 6 3 1 2 1 2 1 2 1 
1 0 0 1 3 7 3 1 2 1 2 1 2 1 
1 0 0 1 3 7 3 1 2 1 2 1 2 1 
1 0 0 1 3 7 3 1 2 1 2 1 2 1 
1 0 0 1 3 7 3 1 2 1 2 1 2 1 
1 0 0 1 3 7 3 1 2 1 2 1 2 1 
1 0 0 1 3 7 3 1 2 1 2 1 2 1 
1 0 0 1 3 7 3 1 2 1 2 1 2 1 
1 0 0 1 3 7 3 1 2 1 2 1 2 1 
1 0 0 1 3 7 3 1 2 1 2 1 2 1 
1 0 0 1 3 7 3 1 2 1 2 1 2 1 
1 0 0 1 3 6 3 1 2 1 2 1 2 1 
1 0 0 1 3 6 3 1 2 1 2 1 2 1 
1 0 0 1 3 6 3 1 2 1 2 1 2 1 
1 0 0 1 3 6 3 1 2 1 2 1 2 1 
1 0 0 1 3 6 3 1 2 1 2 1 2 1 
1 0 0 1 3 6 3 1 2 1 2 1 2 1 
1 0 0 1 3 6 3 1 2 1 2 1 2 1 
1 0 0 1 3 6 3 1 2 1 2 1 2 1 
1 0 0 1 3 6 3 1 2 1 2 1 2 1 
1 0 0 1 3 6 3 1 2 1 2 1 2 1 
1 0 0 1 3 6 3 1 2 1 2 1 2 1 
1 0 0 1 3 6 3 1 2 1 2 1 2 1 
1 0 0 1 3 6 3 1 2 1 2 1 2 1 
1 0 0 1 3 6 3 1 2 1 2 1 2 1 
1 0 0 1 3 6 3 1 2 1 2 1 2 1 
1 0 0 1 3 6 3 1 2 1 2 1 2 1 
1 0 0 1 3 6 3 1 2 1 2 1 2 1 
1 0 0 1 3 6 3 1 2 1 2 1 2 1 
1 0 0 1 3 6 3 1 2 1 2 1 2 1 
1 0 0 1 3 6 3 1 2 1 2 1 2 1 
1 0 0 1 3 6 3 1 2 1 2 1 2 1 
1 0 0 1 3 6 3 1 2 1 2 1 2 1 
1 0 0 1 3 5 3 1 2 1 2 1 2 0 
1 0 0 1 3 5 3 1 2 1 2 1 2 0 
1 0 0 1 3 5 3 1 2 1 2 1 2 0 
1 0 0 1 3 5 3 1 2 1 2 1 2 0 
1 0 0 1 3 5 2 1 2 1 2 1 2 0 
1 0 0 1 2 5 2 1 2 1 2 1 2 0 
1 0 0 1 2 5 2 1 2 1 2 1 2 0 
1 0 0 1 2 5 2 1 2 1 2 1 2 0 
1 0 0 1 2 5 2 1 2 1 2 1 2 0 
1 0 0 1 2 5 2 1 2 1 2 1 2 0 
1 0 0 1 2 3 2 1 2 1 2 1 2 0 
1 0 0 1 2 2 2 1 2 1 2 1 2 0 
1 0 0 1 2 2 2 1 2 1 2 1 2 0 
1 0 0 1 2 1 2 1 2 1 2 1 2 0 
1 0 0 1 2 1 2 1 2 1 2 1 2 0 
1 0 0 1 2 1 2 1 2 1 2 1 2 0 
1 0 0 1 2 1 2 1 2 1 2 1 2 0 
1 0 0 1 2 1 2 1 2 1 2 1 2 0 
1 0 0 1 2 1 2 1 2 1 2 1 2 0 
1 0 0 1 2 1 2 1 2 1 2 1 2 0 
1 0 0 1 2 1 2 1 2 1 2 1 2 0 
1 0 0 1 2 1 2 1 2 1 2 1 2 0 
1 0 0 1 2 1 2 1 2 1 2 1 2 0 
1 0 0 1 2 1 2 1 2 1 2 1 2 0 
1 0 0 1 2 1 2 1 2 1 2 1 2 0 
1 0 0 2 3 1 2 1 2 1 2 1 2 0 
1 0 0 2 3 1 2 1 2 1 2 1 2 0 
1 0 0 2 3 1 2 1 2 1 2 1 2 0 
1 0 0 2 3 1 2 1 2 1 2 1 2 0 
1 0 0 2 3 1 2 1 2 1 2 1 2 0 
1 0 0 2 3 1 2 1 2 1 2 1 2 0 
1 0 0 2 3 1 2 1 2 1 2 1 2 0 
1 0 0 2 3 1 2 1 2 1 2 1 2 0 
1 0 0 2 3 1 2 1 2 1 2 1 2 0 
1 0 0 2 3 1 2 1 2 1 2 1 2 0 
1 0 0 2 3 1 2 1 2 1 2 1 2 0 
1 0 0 2 3 1 2 1 2 1 2 1 2 0 
1 0 0 2 3 1 2 1 2 1 2 1 2 0 
1 0 0 2 3 1 2 1 2 1 2 1 2 0 
1 0 0 1 3 1 2 1 2 1 2 1 2 0 
1 0 0 1 3 1 2 1 2 1 2 1 2 0 
1 0 0 1 3 1 2 1 2 1 2 1 2 0 
1 0 0 1 3 1 2 1 2 1 2 1 2 0 
1 0 0 1 3 1 2 1 2 1 2 1 2 0 
1 0 0 1 3 1 2 1 2 1 2 1 2 0 
1 0 0 1 3 1 2 1 2 1 2 1 2 0 
1 0 0 1 3 1 2 1 2 1 2 1 2 0 
1 0 0 1 3 1 2 1 2 1 2 1 2 0 
1 0 0 1 3 1 2 1 2 1 2 1 2 0 
1 0 0 1 3 1 2 1 2 1 2 1 2 0 
1 0 0 1 3 1 2 1 2 1 2 1 2 0 
1 0 0 1 3 1 2 1 2 1 2 1 2 0 
1 0 0 1 3 1 2 1 2 1 2 1 2 0 
1 0 0 1 3 1 2 1 2 1 2 1 2 0 
1 0 0 1 3 1 2 1 2 1 2 1 2 0 
1 0 0 1 3 1 2 1 2 1 2 1 2 0 
1 0 0 1 3 1 2 1 2 1 2 1 2 0 
1 0 0 1 3 1 2 1 2 1 2 1 2 0 
1 0 0 1 3 1 2 1 2 1 2 1 2 0 
1 0 0 1 3 1 2 1 2 1 2 1 2 0 
1 0 0 1 3 1 2 1 2 1 2 1 2 0 
1 0 0 1 3 1 2 1 2 1 2 1 2 0 
1 0 0 1 2 1 2 1 2 1 2 1 2 0 
1 0 0 1 2 1 2 1 2 1 2 1 2 0 
1 0 0 1 2 1 2 1 2 1 2 1 2 0 
1 0 0 1 2 1 2 1 2 1 2 1 2 0 
1 0 0 1 2 1 2 1 2 1 2 1 2 0 
1 0 0 1 2 1 2 1 2 1 2 1 2 0 
1 0 0 1 2 1 2 1 2 1 2 1 2 0 
1 0 0 1 2 1 2 1 2 1 2 1 2 0 
1 0 0 1 2 1 2 1 2 1 2 1 2 0 
1 0 0 1 2 1 2 1 2 1 2 1 2 0 
1 0 0 1 2 1 2 1 2 1 2 1 2 0 
1 0 0 1 2 1 2 1 2 1 2 1 2 0 
1 0 0 1 2 1 2 1 2 1 2 1 2 0 
1 0 0 1 2 1 2 1 2 1 2 1 2 0 
1 0 0 1 2 1 2 1 2 1 2 1 2 0 
1 0 0 1 2 1 2 1 2 1 2 1 2 0 
1 0 0 1 2 1 2 1 2 1 2 1 2 0 
1 0 0 1 2 1 2 1 2 1 2 1 2 0 
1 0 0 1 2 1 2 1 2 1 2 1 2 0 
1 0 0 1 2 1 2 1 2 1 2 1 2 0 
1 0 0 1 2 1 2 1 2 1 2 1 2 0 
1 0 0 1 2 1 2 1 2 1 2 1 2 0 
1 0 0 1 2 1 2 1 2 1 2 1 2 0 
1 0 0 1 2 1 2 1 2 1 2 1 2 0 
1 0 0 1 2 1 2 1 2 1 2 1 2 0 
1 0 0 1 2 1 2 1 2 1 2 1 2 0 
1 0 0 1 2 1 2 1 2 1 2 1 2 0 
1 0 0 1 2 1 2 1 2 1 2 1 2 0 
1 0 0 1 2 1 2 1 2 1 2 1 2 0 
1 0 0 1 2 1 2 1 2 1 2 1 2 0 
1 0 0 1 2 1 2 1 2 1 2 1 2 0 
1 0 0 1 2 1 2 1 2 1 2 1 2 0 
1 0 0 1 3 1 2 1 2 1 2 1 2 0 
1 0 0 1 3 1 2 1 2 1 2 1 2 0 
1 0 0 1 3 1 2 1 2 1 2 1 2 0 
1 0 0 1 3 1 2 1 2 1 2 1 2 0 
1 0 0 1 3 1 2 1 2 1 2 1 2 0 
1 0 0 1 3 1 2 1 2 1 2 1 2 0 
1 0 0 1 3 1 2 1 2 1 2 1 2 0 
1 0 0 1 3 1 2 1 2 1 2 1 2 0 
1 0 0 1 3 1 2 1 2 1 2 1 2 0 
1 0 0 1 3 1 2 1 2 1 2 1 2 0 
1 0 0 1 3 1 2 1 2 1 2 1 2 0 
1 0 0 1 3 1 2 1 2 1 2 1 2 0 
1 0 0 1 3 1 2 1 2 1 2 1 2 0 
1 0 0 1 3 1 2 1 2 1 2 1 2 0 
1 0 0 1 3 1 2 1 2 1 2 1 2 0 
1 0 0 1 3 1 2 1 2 1 2 1 2 0 
1 0 0 1 3 1 2 1 2 1 2 1 2 0 
1 0 0 1 3 1 2 1 2 1 2 1 2 0 
1 0 0 1 3 1 2 1 2 1 2 1 2 0 
1 0 0 1 3 1 2 1 2 1 2 1 2 0 
1 0 0 1 3 1 2 1 2 1 2 1 2 0 
1 0 0 1 3 1 2 1 2 1 2 1 2 0 
1 0 0 2 3 1 2 1 2 1 2 1 2 0 
1 0 0 2 3 1 2 1 2 1 2 1 2 0 
1 0 0 2 3 1 2 1 2 1 2 1 2 0 
1 0 0 2 3 1 2 1 2 1 2 1 2 0 
1 0 0 2 3 1 2 1 2 1 2 1 2 0 
1 0 0 2 3 1 2 1 2 1 2 1 2 0 
1 0 0 2 3 1 2 1 2 1 2 1 2 0 
1 0 0 2 3 1 2 1 2 3 2 1 2 0 
1 0 0 2 3 1 2 1 2 4 2 3 2 0 
1 0 0 2 3 1 2 2 2 5 3 5 2 0 
1 0 0 2 3 1 2 4 2 6 3 6 3 2 
1 0 0 2 3 1 2 6 3 7 4 7 3 3 
1 0 0 2 3 1 2 7 3 7 5 7 3 3 
1 0 0 2 3 4 2 8 3 8 5 7 3 3 
1 0 0 2 3 5 3 8 4 8 5 8 3 3 
1 0 0 2 3 7 3 9 4 8 5 8 4 4 
1 0 0 2 3 9 4 9 4 8 5 8 5 4 
1 0 0 2 3 9 4 9 4 8 5 8 5 4 
1 0 0 2 3 9 4 9 4 9 5 8 5 4 
1 0 0 2 3 9 4 9 4 9 5 8 5 4 
1 0 0 2 3 9 4 9 4 9 5 8 5 4 
1 0 0 2 3 9 4 9 4 9 5 8 5 4 
1 0 0 1 2 1 2 1 2 1 2 1 2 0 
1 0 0 1 2 1 2 1 2 1 2 1 2 0 
1 0 0 1 2 1 2 1 2 1 2 1 2 0 
1 0 0 1 2 1 2 1 2 1 2 1 2 0 
1 0 0 1 2 1 2 1 2 1 2 1 2 0 
1 0 0 1 2 1 2 1 2 1 2 1 2 0 
1 0 0 1 2 1 2 1 2 1 2 1 2 0 
1 0 0 1 2 1 2 1 2 1 2 1 2 0 
1 0 0 1 2 1 2 1 2 1 2 1 2 0 
1 0 0 1 2 1 2 1 2 1 2 1 2 0 
1 0 0 1 2 1 2 1 2 1 2 1 2 0 
1 0 0 1 2 1 2 1 2 1 2 1 2 0 
1 0 0 1 2 1 2 1 2 1 2 1 2 0 
1 0 0 1 2 1 2 1 2 1 2 1 2 0 
1 0 0 1 2 1 2 1 2 1 2 1 2 0 
1 0 0 1 2 1 2 1 2 1 2 1 2 0 
1 0 0 1 2 1 2 1 2 1 2 1 2 0 
1 0 0 1 2 1 2 1 2 1 2 1 2 0 
1 0 0 1 2 1 2 1 2 1 2 1 2 0 
1 0 0 1 2 1 2 1 2 1 2 1 2 0 
1 0 0 1 2 1 2 1 2 1 2 1 2 0 
1 0 0 1 2 1 2 1 2 1 2 1 2 0 
1 0 0 1 2 1 2 1 2 1 2 1 2 0 
1 0 0 1 2 1 2 1 2 1 2 1 2 0 
1 0 0 1 2 1 2 1 2 1 2 1 2 0 
1 0 0 1 2 1 2 1 2 1 2 1 2 0 
1 0 0 1 2 1 2 1 2 1 2 1 2 0 
1 0 0 1 2 1 2 1 2 1 2 1 2 0 
1 0 0 1 2 1 2 1 2 1 2 1 2 0 
1 0 0 1 2 1 2 1 2 1 2 1 2 0 
1 0 0 1 2 1 2 1 2 1 2 1 2 0 
1 0 0 1 2 1 2 1 2 1 2 1 2 0 
1 0 0 1 2 1 2 1 2 1 2 1 2 0 
1 0 0 1 2 1 2 1 2 1 2 1 2 0 
1 0 0 1 2 1 2 1 2 1 2 1 2 0 
1 0 0 1 2 1 2 1 2 1 2 1 2 0 
1 0 0 1 2 1 2 1 2 1 2 1 2 0 
1 0 0 1 2 1 2 1 2 1 2 1 2 0 
1 0 0 1 2 1 2 1 2 1 2 1 2 0 
1 0 0 1 2 1 2 1 2 1 2 1 2 0 
1 0 0 1 2 1 2 1 2 1 2 1 2 0 
1 0 0 1 2 1 2 1 2 1 2 1 2 0 
1 0 0 1 2 1 2 1 2 1 2 1 2 0 
1 0 0 1 2 1 2 1 2 1 2 1 2 0 
1 0 0 1 2 1 2 1 2 1 2 1 2 0 
1 0 0 1 2 1 2 1 2 1 2 1 2 0 
1 0 0 1 2 1 2 1 2 1 2 1 2 0 
1 0 0 1 2 1 2 1 2 1 2 1 2 0 
1 0 0 1 2 1 2 1 2 1 2 1 2 0 
1 0 0 1 2 1 2 1 2 1 2 1 2 0 
1 0 0 1 2 1 2 1 2 1 2 1 2 0 
1 0 0 1 2 1 2 1 2 1 2 1 2 0 
1 0 0 1 2 1 2 1 2 1 2 1 2 0 
1 0 0 1 2 1 2 1 2 1 2 1 2 0 
1 0 0 1 2 1 2 1 2 1 2 1 2 0 
1 0 0 1 2 1 2 1 2 1 2 1 2 0 
1 0 0 1 2 1 2 1 2 1 2 1 2 0 
1 0 0 1 2 1 2 1 2 1 2 1 2 0 
1 0 0 1 2 1 2 1 2 1 2 1 2 0 
1 0 0 1 2 1 2 1 2 1 2 1 2 0 
1 0 0 1 2 1 2 1 2 1 2 1 2 0 
1 0 0 1 2 1 2 1 2 1 2 1 2 0 
1 0 0 1 2 1 2 1 2 1 2 1 2 0 
1 0 0 1 2 1 2 1 2 1 2 1 2 0 
1 0 0 1 2 1 2 1 2 1 2 1 2 0 
1 0 0 1 2 1 2 1 2 1 2 1 2 0 
1 0 0 1 2 1 2 1 2 1 2 1 2 0 
1 0 0 1 2 1 2 1 2 1 2 1 2 0 
1 0 0 1 2 1 2 1 2 1 2 1 2 0 
1 0 0 1 2 1 2 1 2 1 2 1 2 0 
1 0 0 1 2 1 2 1 2 1 2 1 2 0 
1 0 0 1 2 1 2 1 2 1 2 1 2 0 
1 0 0 1 2 1 2 1 2 1 2 1 2 0 
1 0 0 1 2 1 2 1 2 1 2 1 2 0 
1 0 0 1 2 1 2 1 2 1 2 1 2 0 
1 0 0 1 2 1 2 1 2 1 2 1 2 0 
1 0 0 1 2 1 2 1 2 1 2 1 2 0 
1 0 0 1 2 1 2 1 2 1 2 1 2 0 
1 0 0 1 2 1 2 1 2 1 2 1 2 0 
1 0 0 1 2 1 2 1 2 1 2 1 2 0 
1 0 0 1 2 1 2 1 2 1 2 1 2 0 
1 0 0 1 2 1 2 1 2 1 2 1 2 0 
1 0 0 1 2 1 2 1 2 1 2 1 2 0 
1 0 0 1 2 1 2 1 2 1 2 1 2 0 
1 0 0 1 2 1 2 1 2 1 2 1 2 0 
1 0 0 1 2 1 2 1 2 1 2 1 2 0 
1 0 0 1 2 1 2 1 2 1 2 1 2 0 
1 0 0 1 2 1 2 1 2 1 2 1 2 0 
1 0 0 1 2 1 2 1 2 1 2 1 2 0 
1 0 0 1 2 1 2 1 2 1 2 1 2 0 
1 0 0 1 2 1 2 1 2 1 2 1 2 0 
1 0 0 1 2 1 2 1 2 1 2 1 2 0 
1 0 0 1 2 1 2 1 2 1 2 1 2 0 
1 0 0 1 2 1 2 1 2 1 2 1 2 0 
1 0 0 1 2 1 2 1 2 1 2 1 2 0 
1 0 0 1 2 1 2 1 2 1 2 1 2 0 
1 0 0 1 2 1 2 1 2 1 2 1 2 0 
1 0 0 1 2 1 2 1 2 1 2 1 2 0 
1 0 0 1 2 1 2 1 2 1 2 1 2 0 
1 0 0 1 2 1 2 1 2 1 2 1 2 0 
1 0 0 1 2 1 2 1 2 1 2 1 2 0 
1 0 0 1 2 1 2 1 2 1 2 1 2 0 
1 0 0 1 2 1 2 1 2 1 2 1 2 0 
1 0 0 1 2 1 2 1 2 1 2 1 2 0 
1 0 0 1 2 1 2 1 2 1 2 1 2 0 
1 0 0 1 2 1 2 1 2 1 2 1 2 0 
1 0 0 1 2 1 2 1 2 1 2 1 2 0 
1 0 0 1 2 1 2 1 2 1 2 1 2 0 
1 0 0 1 2 1 2 1 2 1 2 1 2 0 
1 0 0 1 2 1 2 1 2 1 2 1 2 0 
1 0 0 1 2 1 2 1 2 1 2 1 2 0 
1 0 0 1 2 1 2 1 2 1 2 1 2 0 
1 0 0 1 2 1 2 1 2 1 2 1 2 0 
1 0 0 1 2 1 2 1 2 1 2 1 2 0 
1 0 0 1 2 1 2 1 2 1 2 1 2 0 
1 0 0 1 2 1 2 1 2 1 2 1 2 0 
1 0 0 1 2 1 2 1 2 1 2 1 2 0 
1 0 0 1 2 1 2 1 2 1 2 1 2 0 
1 0 0 1 2 1 2 1 2 1 2 1 2 0 
1 0 0 1 2 1 2 1 2 1 2 1 2 0 
1 0 0 1 2 1 2 1 2 1 2 1 2 0 
1 0 0 1 2 1 2 1 2 1 2 1 2 0 
1 0 0 1 2 1 2 1 2 1 2 1 2 0 
1 0 0 1 2 1 2 1 2 1 2 1 2 0 
1 0 0 1 2 1 2 1 2 1 2 1 2 0 
1 0 0 1 2 1 2 1 2 1 2 1 2 0 
1 0 0 1 2 1 2 1 2 1 2 1 2 0 
1 0 0 1 2 1 2 1 2 1 2 1 2 0 
1 0 0 1 2 1 2 1 2 1 2 1 2 0 
1 0 0 1 2 1 2 1 2 1 2 1 2 0 
1 0 0 1 2 1 2 1 2 1 2 1 2 0 
1 0 0 1 2 1 2 1 2 1 2 1 2 0 
1 0 0 1 2 1 2 1 2 1 2 1 2 0 
1 0 0 1 2 1 2 1 2 1 2 1 2 0 
1 0 0 1 2 1 2 1 2 1 2 1 2 0 
1 0 0 1 2 1 2 1 2 1 2 1 2 0 
1 0 0 1 2 1 2 1 2 1 2 1 2 0 
1 0 0 1 2 1 2 1 2 1 2 1 2 0 
1 0 0 1 2 1 2 1 2 1 2 1 2 0 
1 0 0 1 2 1 2 1 2 1 2 1 2 0 
1 0 0 1 2 1 2 1 2 1 2 1 2 0 
1 0 0 1 2 1 2 1 2 1 2 1 2 0 
1 0 0 1 2 1 2 1 2 1 2 1 2 0 
1 0 0 1 2 1 2 1 2 1 2 1 2 0 
1 0 0 1 2 1 2 1 2 1 2 1 2 0 
1 0 0 1 2 1 2 1 2 1 2 1 2 0 
1 0 0 1 2 1 2 1 2 1 2 1 2 0 
1 0 0 1 2 1 2 1 2 1 2 1 2 0 
1 0 0 1 2 1 2 1 2 1 2 1 2 0 
1 0 0 1 2 1 2 1 2 1 2 1 2 0 
1 0 0 1 2 1 2 1 2 1 2 1 2 0 
1 0 0 1 2 1 2 1 2 1 2 1 2 0 
1 0 0 1 2 1 2 1 2 1 2 1 2 0 
1 0 0 1 2 1 2 1 2 1 2 1 2 0 
1 0 0 1 2 1 2 1 2 1 2 1 2 0 
1 0 0 1 2 1 2 1 2 1 2 1 2 0 
1 0 0 1 2 1 2 1 2 1 2 1 2 0 
1 0 0 1 2 1 2 1 2 1 2 1 2 0 
1 0 0 1 2 1 2 1 2 1 2 1 2 0 
1 0 0 1 2 1 2 1 2 1 2 1 2 0 
1 0 0 1 2 1 2 1 2 1 2 1 2 0 
1 0 0 1 3 1 2 1 2 1 2 1 2 0 
1 0 0 1 3 1 2 1 2 1 2 1 2 0 
1 0 0 1 3 1 2 1 2 1 2 1 2 0 
1 0 0 1 3 1 2 1 2 1 2 1 2 0 
1 0 0 1 3 1 2 1 2 1 2 1 2 0 
1 0 0 1 3 1 2 1 2 1 2 1 2 0 
1 0 0 1 3 1 2 1 2 1 2 1 2 0 
1 0 0 1 3 1 2 1 2 1 2 1 2 0 
1 0 0 1 3 1 2 1 2 1 2 1 2 0 
1 0 0 1 3 1 2 1 2 1 2 1 2 0 
1 0 0 1 3 1 2 1 2 1 2 1 2 0 
1 0 0 1 3 1 2 1 2 1 2 1 2 0 
1 0 0 1 2 1 2 1 2 1 2 1 2 0 
1 0 0 1 2 1 2 1 2 1 2 1 2 0 
1 0 0 1 2 1 2 1 2 1 2 1 2 0 
1 0 0 1 2 1 2 1 2 1 2 1 2 0 
1 0 0 1 2 1 2 1 2 1 2 1 2 0 
1 0 0 1 2 1 2 1 2 1 2 1 2 0 
1 0 0 1 2 1 2 1 2 1 2 1 2 0 
1 0 0 1 2 1 2 1 2 1 2 1 2 0 
1 0 0 1 2 1 2 1 2 1 2 1 2 0 
1 0 0 1 2 1 2 1 2 1 2 1 2 0 
1 0 0 1 3 1 2 1 2 1 2 1 2 0 
1 0 0 1 3 1 2 1 2 1 2 1 2 0 
1 0 0 1 3 1 2 1 2 1 2 1 2 0 
1 0 0 1 3 1 2 1 2 1 2 1 2 0 
1 0 0 1 3 1 2 1 2 1 2 1 2 0 
1 0 0 1 3 1 2 1 2 1 2 1 2 0 
1 0 0 1 3 1 2 1 2 1 2 1 2 0 
1 0 0 1 3 1 2 1 2 1 2 1 2 0 
1 0 0 1 3 1 2 1 2 1 2 1 2 0 
1 0 0 1 3 1 2 1 2 1 2 1 2 0 
1 0 0 1 3 1 2 1 2 1 2 1 2 0 
1 0 0 1 3 1 2 1 2 1 2 1 2 0 
1 0 0 1 3 1 2 1 2 1 2 1 2 0 
1 0 0 1 3 1 2 1 2 1 2 1 2 0 
1 0 0 1 3 1 2 1 2 1 2 1 2 0 
1 0 0 1 3 1 2 1 2 1 2 1 2 0 
1 0 0 1 2 1 2 1 2 1 2 1 2 0 
1 0 0 1 2 1 2 1 2 1 2 1 2 0 
1 0 0 1 2 1 2 1 2 1 2 1 2 0 
1 0 0 1 2 1 2 1 2 1 2 1 2 0 
1 0 0 1 2 1 2 1 2 1 2 1 2 0 
1 0 0 1 2 1 2 1 2 1 2 1 2 0 
1 0 0 1 2 1 2 1 2 1 2 1 2 0 
1 0 0 1 2 1 2 1 2 1 2 1 2 0 
1 0 0 1 2 1 2 1 2 1 2 1 2 0 
1 0 0 1 2 1 2 1 2 1 2 1 2 0 
1 0 0 1 2 1 2 1 2 1 2 1 2 0 
1 0 0 1 2 1 2 1 2 1 2 1 2 0 
1 0 0 1 2 1 2 1 2 1 2 1 2 0 
1 0 0 1 2 1 2 1 2 1 2 1 2 0 
1 0 0 1 2 1 2 1 2 1 2 1 2 0 
1 0 0 1 2 1 2 1 2 1 2 1 2 0 
1 0 0 1 2 1 2 1 2 1 2 1 2 0 
1 0 0 1 2 1 2 1 2 1 2 1 2 0 
1 0 0 1 2 1 2 1 2 1 2 1 2 0 
1 0 0 1 2 1 2 1 2 1 2 1 2 0 
1 0 0 1 2 1 2 1 2 1 2 1 2 0 
1 0 0 1 2 1 2 1 2 1 2 1 2 0 
1 0 0 1 2 1 2 1 2 1 2 1 2 0 
1 0 0 1 2 1 2 1 2 1 2 1 2 0 
1 0 0 1 2 1 2 1 2 1 2 1 2 0 
1 0 0 1 2 1 2 1 2 1 2 1 2 0 
1 0 0 1 2 1 2 1 2 1 2 1 2 0 
1 0 0 1 2 1 2 1 2 1 2 1 2 0 
1 0 0 1 2 1 2 1 2 1 2 1 2 0 
1 0 0 1 2 1 2 1 2 1 2 1 2 0 
1 0 0 1 2 1 2 1 2 1 2 1 2 0 
1 0 0 1 2 1 2 1 2 1 2 1 2 0 
1 0 0 1 2 1 2 1 2 1 2 1 2 0 
1 0 0 1 2 1 2 1 2 1 2 1 2 0 
1 0 0 1 2 1 2 1 2 1 2 1 2 0 
1 0 0 1 2 1 2 1 2 1 2 1 2 0 
1 0 0 1 2 1 2 1 2 1 2 1 2 0 
1 0 0 1 2 1 2 1 2 1 2 1 2 0 
1 0 0 1 2 1 2 1 2 1 2 1 2 0 
1 0 0 1 2 1 2 1 2 1 2 1 2 0 
1 0 0 1 2 1 2 1 2 1 2 1 2 0 
1 0 0 1 2 1 2 1 2 1 2 1 2 0 
1 0 0 1 2 1 2 1 2 1 2 1 2 0 
1 0 0 1 2 1 2 1 2 1 2 1 2 0 
1 0 0 1 2 1 2 1 2 1 2 1 2 0 
1 0 0 1 2 1 2 1 2 1 2 1 2 0 
1 0 0 1 2 1 2 1 2 1 2 1 2 0 
1 0 0 1 2 1 2 1 2 1 2 1 2 0 
1 0 0 1 2 1 2 1 2 1 2 1 2 0 
1 0 0 1 2 1 2 1 2 1 2 1 2 0 
1 0 0 1 2 1 2 1 2 1 2 1 2 0 
1 0 0 1 2 1 2 1 2 1 2 1 2 0 
1 0 0 1 2 1 2 1 2 1 2 1 2 0 
1 0 0 1 2 1 2 1 2 1 2 1 2 0 
1 0 0 1 2 1 2 1 2 1 2 1 2 0 
1 0 0 1 2 1 2 1 2 1 2 1 2 0 
1 0 0 1 2 1 2 1 2 1 2 1 2 0 
1 0 0 1 2 1 2 1 2 1 2 1 2 0 
1 0 0 1 2 1 2 1 2 1 2 1 2 0 
1 0 0 1 2 1 2 1 2 1 2 1 2 0 
1 0 0 1 2 1 2 1 2 1 2 1 2 0 
1 0 0 1 2 1 2 1 2 1 2 1 2 0 
1 0 0 1 2 1 2 1 2 1 2 1 2 0 
1 0 0 1 2 1 2 1 2 1 2 1 2 0 
1 0 0 1 2 1 2 1 2 1 2 1 2 0 
1 0 0 1 2 1 2 1 2 1 2 1 2 0 
1 0 0 1 2 1 2 1 2 1 2 1 2 0 
1 0 0 1 2 1 2 1 2 1 2 1 2 0 
1 0 0 1 2 1 2 1 2 1 2 1 2 0 
1 0 0 1 2 1 2 1 2 1 2 1 2 0 
1 0 0 1 2 1 2 1 2 1 2 1 2 0 
1 0 0 1 2 1 2 1 2 1 2 1 2 0 
1 0 0 1 2 1 2 1 2 1 2 1 2 0 
1 0 0 1 2 1 2 1 2 1 2 1 2 0 
1 0 0 1 2 1 2 1 2 1 2 1 2 0 
1 0 0 1 2 1 2 1 2 1 2 1 2 0 
1 0 0 1 2 1 2 1 2 1 2 1 2 0 
1 0 0 1 2 1 2 1 2 1 2 1 2 0 
1 0 0 1 3 1 2 1 2 1 2 1 2 0 
1 0 0 1 3 1 2 1 2 1 2 1 2 0 
1 0 0 1 3 1 2 1 2 1 2 1 2 0 
1 0 0 1 3 1 2 1 2 1 2 1 2 0 
1 0 0 1 3 1 2 1 2 1 2 1 2 0 
1 0 0 1 3 1 2 1 2 1 2 1 2 0 
1 0 0 1 3 1 2 1 2 1 2 1 2 0 
1 0 0 1 3 1 2 1 2 1 2 1 2 0 
1 0 0 1 3 1 2 1 2 1 2 1 2 0 
1 0 0 1 3 1 2 1 2 1 2 1 2 0 
1 0 0 1 3 1 2 1 2 1 2 1 2 0 
1 0 0 1 3 1 2 1 2 1 2 1 2 0 
1 0 0 1 3 1 2 1 2 1 2 1 2 0 
1 0 0 1 3 1 2 1 2 1 2 1 2 0 
1 0 0 1 3 1 2 1 2 1 2 1 2 0 
1 0 0 1 3 1 2 1 2 1 2 1 2 0 
1 0 0 2 3 1 2 1 2 1 2 1 2 0 
1 0 0 2 3 1 2 1 2 1 2 1 2 0 
1 0 0 2 3 1 2 1 2 1 2 1 2 0 
1 0 0 2 3 1 2 1 2 1 2 1 2 0 
1 0 0 2 3 1 2 1 2 1 2 1 2 0 
1 0 0 2 3 1 2 1 2 1 2 1 2 0 
1 0 0 2 3 1 2 1 2 1 2 1 2 0 
1 0 0 2 3 1 2 1 2 1 2 1 2 0 
1 0 0 2 3 1 2 1 2 1 2 1 2 0 
1 0 0 2 3 1 2 1 2 1 2 1 2 0 
1 0 0 2 3 1 2 1 2 1 2 1 2 0 
1 0 0 2 3 1 2 1 2 1 2 1 2 0 
1 0 0 2 3 1 2 1 2 1 2 1 2 0 
1 0 0 2 3 1 2 1 2 1 2 1 2 0 
1 0 0 2 3 1 2 1 2 1 2 1 2 0 
1 0 0 2 3 1 2 1 2 1 2 1 2 0 
1 0 0 2 3 1 2 1 2 1 2 1 2 0 
1 0 0 2 3 1 2 1 2 1 2 1 2 0 
1 0 0 2 3 1 2 1 2 1 2 1 2 0 
1 0 0 2 3 1 2 1 2 1 2 1 2 0 
1 0 0 2 3 1 2 1 2 1 2 1 2 0 
1 0 0 2 3 1 2 1 2 1 2 1 2 0 
1 0 0 2 3 1 2 1 2 1 2 1 2 0 
1 0 0 2 3 1 2 1 2 1 2 1 2 0 
1 0 0 2 3 1 2 1 2 1 2 1 2 0 
1 0 0 2 3 1 2 1 2 1 2 2 2 0 
1 0 0 2 3 1 2 1 2 1 2 4 2 0 
1 0 0 2 3 1 2 1 2 1 2 6 3 1 
1 0 0 2 3 1 2 1 2 1 2 7 3 1 
1 0 0 2 3 1 2 2 2 1 2 7 3 1 
1 0 0 2 3 2 2 2 2 1 2 8 3 1 
1 0 0 2 3 2 2 2 2 2 2 8 3 1 
1 0 0 2 3 2 2 2 2 2 2 8 3 1 
1 0 0 2 3 2 2 2 2 2 2 8 3 1 
1 0 0 2 3 2 2 3 2 2 2 8 3 1 
1 0 0 2 3 2 2 3 2 3 2 9 3 1 
1 0 0 2 3 3 2 3 2 3 2 9 3 1 
1 0 0 2 3 3 2 3 2 3 2 9 3 1 
1 0 0 2 3 3 2 4 2 4 2 9 3 1 
1 0 0 2 3 6 3 4 2 4 2 9 4 2 
1 0 0 2 3 7 3 6 3 4 2 9 4 3 
1 0 0 2 3 8 3 7 3 4 2 9 4 3 
1 0 0 2 3 8 3 8 3 5 2 9 4 3 
1 0 0 2 3 9 4 9 4 5 2 9 4 3 
1 0 0 2 3 9 4 9 4 5 2 9 4 3 
1 0 0 2 3 9 4 9 4 6 2 9 4 4 
1 0 0 2 3 9 4 10 4 6 2 9 3 4 
1 0 0 2 3 10 4 10 4 7 3 9 3 4 
1 0 0 2 3 10 4 10 4 8 3 9 3 4 
1 0 0 2 3 10 4 10 4 8 3 9 3 4 
1 0 0 2 3 10 4 10 4 9 3 9 3 4 
1 0 0 2 3 10 4 10 4 9 3 9 3 4 
1 0 0 2 3 10 4 10 4 9 4 9 3 4 
1 0 0 2 3 10 4 10 4 10 4 9 3 4 
1 0 0 2 3 10 4 10 4 10 4 9 4 4 
1 0 0 2 3 10 4 10 5 10 4 10 4 4 
1 0 0 2 3 10 5 10 5 10 4 10 4 4 
1 0 0 2 3 10 5 10 5 10 4 10 4 4 
1 0 0 1 3 10 5 10 5 10 4 10 4 4 
1 0 0 1 3 10 5 10 5 10 4 10 4 4 
1 0 0 1 3 10 5 10 5 10 4 10 4 4 
1 0 0 1 3 10 5 10 5 10 5 10 4 4 
1 0 0 1 3 10 5 10 5 10 5 10 4 4 
1 0 0 1 3 10 5 10 5 10 5 10 4 4 
1 0 0 1 3 10 5 10 5 10 5 10 5 4 
1 0 0 1 3 10 5 10 5 10 5 10 5 4 
1 0 0 1 3 10 5 10 5 10 5 10 5 4 
1 0 0 1 3 10 5 10 5 10 5 10 5 4 
1 0 0 1 3 10 5 10 5 10 5 10 5 4 
1 0 0 1 3 10 5 10 5 10 5 10 5 4 
1 0 0 1 3 10 5 10 5 10 5 10 5 4 
1 0 0 1 3 10 5 10 5 10 5 10 5 4 
1 0 0 1 3 10 5 10 5 10 5 10 5 4 
1 0 0 1 3 10 5 10 5 10 5 10 5 4 
1 0 0 1 3 10 5 10 5 10 5 10 5 4 
1 0 0 1 3 10 5 10 5 10 5 10 5 4 
1 0 0 1 2 10 5 10 5 10 5 10 5 4 
1 0 0 1 2 10 5 10 5 10 4 10 5 4 
1 0 0 1 2 10 5 10 4 10 4 10 5 4 
1 0 0 1 2 10 5 10 4 10 4 10 5 4 
1 0 0 1 2 10 5 10 4 10 4 10 5 4 
1 0 0 1 2 10 5 10 4 10 4 10 4 4 
1 0 0 1 2 10 5 10 4 10 4 10 4 4 
1 0 0 1 2 10 5 10 4 9 4 10 4 4 
1 0 0 1 2 10 5 10 4 9 4 10 4 4 
1 0 0 1 2 10 5 10 5 9 4 10 4 4 
1 0 0 1 2 10 5 10 5 9 4 10 4 4 
1 0 0 1 2 10 5 9 5 9 5 10 4 4 
1 0 0 1 2 10 5 9 5 9 5 10 4 4 
1 0 0 1 2 10 5 10 5 9 5 10 4 4 
1 0 0 1 2 7 3 6 3 6 3 7 3 4 
1 0 0 1 2 4 2 3 2 3 2 4 2 0 
1 0 0 1 2 2 2 2 2 2 2 3 2 0 
1 0 0 1 2 2 2 1 2 1 2 2 2 0 
1 0 0 1 2 1 2 1 2 1 2 1 2 0 
1 0 0 1 2 1 2 1 2 1 2 1 2 0 
1 0 0 1 2 1 2 1 2 1 2 1 2 0 
1 0 0 1 2 1 2 1 2 1 2 1 2 0 
1 0 0 1 2 1 2 1 2 1 2 1 2 0 
1 0 0 1 2 1 2 1 2 1 2 1 2 0 
1 0 0 1 2 1 2 1 2 1 2 1 2 0 
1 0 0 1 2 1 2 1 2 1 2 1 2 0 
1 0 0 1 2 1 2 1 2 1 2 1 2 0 
1 0 0 1 2 1 2 1 2 1 2 1 2 0 
1 0 0 1 2 1 2 1 2 1 2 1 2 0 
1 0 0 1 2 1 2 1 2 1 2 1 2 0 
1 0 0 1 2 1 2 1 2 1 2 1 2 0 
1 0 0 1 2 1 2 1 2 1 2 1 2 0 
1 0 0 1 2 1 2 1 2 1 2 1 2 0 
1 0 0 1 2 1 2 1 2 1 2 1 2 0 
1 0 0 1 2 1 2 1 2 1 2 1 2 0 
1 0 0 1 2 1 2 1 2 1 2 1 2 0 
1 0 0 1 2 1 2 1 2 1 2 1 2 0 
1 0 0 1 2 1 2 1 2 1 2 1 2 0 
1 0 0 1 2 1 2 1 2 1 2 1 2 0 
1 0 0 1 2 1 2 1 2 1 2 1 2 0 
1 0 0 1 2 1 2 1 2 1 2 1 2 0 
1 0 0 1 2 1 2 1 2 1 2 1 2 0 
1 0 0 1 2 1 2 1 2 1 2 1 2 0 
1 0 0 1 2 1 2 1 2 1 2 1 2 0 
1 0 0 1 2 1 2 1 2 1 2 1 2 0 
1 0 0 1 2 1 2 1 2 1 2 1 2 0 
1 0 0 1 2 1 2 1 2 1 2 1 2 0 
1 0 0 1 2 1 2 1 2 1 2 1 2 0 
1 0 0 1 2 1 2 1 2 1 2 1 2 0 
1 0 0 1 2 1 2 1 2 1 2 1 2 0 
1 0 0 1 2 1 2 1 2 1 2 1 2 0 
1 0 0 1 2 1 2 1 2 1 2 1 2 0 
1 0 0 1 2 1 2 1 2 1 2 1 2 0 
1 0 0 1 2 1 2 1 2 1 2 1 2 0 
1 0 0 1 2 1 2 1 2 1 2 1 2 0 
1 0 0 1 2 1 2 1 2 1 2 1 2 0 
1 0 0 1 2 1 2 1 2 1 2 1 2 0 
1 0 0 1 3 1 2 1 2 1 2 1 2 0 
1 0 0 1 3 1 2 1 2 1 2 1 2 0 
1 0 0 1 3 1 2 1 2 1 2 1 2 0 
1 0 0 1 3 1 2 1 2 1 2 1 2 0 
1 0 0 1 3 1 2 1 2 1 2 1 2 0 
1 0 0 1 3 1 2 1 2 1 2 1 2 0 
1 0 0 1 3 1 2 1 2 1 2 1 2 0 
1 0 0 1 3 1 2 1 2 1 2 1 2 0 
1 0 0 1 3 1 2 1 2 1 2 1 2 0 
1 0 0 1 3 1 2 1 2 1 2 1 2 0 
1 0 0 1 3 1 2 1 2 1 2 1 2 0 
1 0 0 1 3 1 2 1 2 1 2 1 2 0 
1 0 0 1 3 1 2 1 2 1 2 1 2 0 
1 0 0 1 3 1 2 1 2 1 2 1 2 0 
1 0 0 1 3 1 2 1 2 1 2 1 2 0 
1 0 0 1 3 1 2 1 2 1 2 1 2 0 
1 0 0 1 3 1 2 1 2 1 2 1 2 0 
1 0 0 1 3 1 2 1 2 1 2 1 2 0 
1 0 0 1 3 1 2 1 2 1 2 1 2 0 
1 0 0 1 3 1 2 1 2 1 2 2 2 0 
1 0 0 1 3 1 2 2 2 2 2 2 2 0 
1 0 0 1 3 1 2 2 2 2 2 2 2 0 
1 0 0 1 3 1 2 2 2 2 2 2 2 0 
1 0 0 1 3 1 2 2 2 2 2 2 2 0 
1 0 0 2 3 1 2 2 2 2 2 2 2 0 
1 0 0 2 3 1 2 2 2 2 2 2 2 0 
1 0 0 2 3 1 2 2 2 2 2 2 2 0 
1 0 0 2 3 1 2 2 2 2 2 2 2 0 
1 0 0 2 3 1 2 1 2 2 2 2 2 0 
1 0 0 2 3 1 2 1 2 2 2 2 2 0 
1 0 0 2 3 1 2 1 2 2 2 2 2 0 
1 0 0 2 3 1 2 1 2 2 2 2 2 0 
1 0 0 1 3 1 2 1 2 2 2 2 2 0 
1 0 0 1 3 1 2 1 2 2 2 2 2 0 
1 0 0 1 3 1 2 1 2 2 2 2 2 0 
1 0 0 1 3 1 2 1 2 2 2 2 2 0 
1 0 0 1 3 1 2 1 2 2 2 2 2 0 
1 0 0 1 3 1 2 1 2 2 2 2 2 0 
1 0 0 1 2 1 2 1 2 2 2 2 2 0 
1 0 0 1 2 1 2 1 2 2 2 2 2 0 
1 0 0 1 2 1 2 1 2 1 2 2 2 0 
1 0 0 1 2 1 2 1 2 1 2 1 2 0 
1 0 0 1 2 1 2 1 2 1 2 1 2 0 
1 0 0 1 2 1 2 1 2 1 2 1 2 0 
1 0 0 1 2 1 2 1 2 1 2 1 2 0 
1 0 0 1 2 1 2 1 2 1 2 1 2 0 
1 0 0 1 2 1 2 1 2 1 2 1 2 0 
1 0 0 1 2 1 2 1 2 1 2 1 2 0 
1 0 0 1 2 1 2 1 2 1 2 1 2 0 
1 0 0 1 2 1 2 1 2 1 2 1 2 0 
1 0 0 1 2 1 2 1 2 1 2 1 2 0 
1 0 0 1 2 1 2 1 2 1 2 1 2 0 
1 0 0 1 2 1 2 1 2 1 2 1 2 0 
1 0 0 1 2 1 2 1 2 1 2 1 2 0 
1 0 0 1 2 1 2 1 2 1 2 1 2 0 
1 0 0 1 2 1 2 1 2 1 2 1 2 0 
1 0 0 1 2 1 2 1 2 1 2 1 2 0 
1 0 0 1 2 1 2 1 2 1 2 1 2 0 
1 0 0 1 2 1 2 1 2 1 2 1 2 0 
1 0 0 1 2 1 2 1 2 1 2 1 2 0 
1 0 0 1 2 1 2 1 2 1 2 1 2 0 
1 0 0 1 2 1 2 1 2 1 2 1 2 0 
1 0 0 1 2 1 2 1 2 1 2 1 2 0 
1 0 0 1 2 1 2 1 2 1 2 1 2 0 
1 0 0 1 2 1 2 1 2 1 2 1 2 0 
1 0 0 1 2 1 2 1 2 1 2 1 2 0 
1 0 0 1 2 1 2 1 2 1 2 1 2 0 
1 0 0 1 2 1 2 1 2 1 2 1 2 0 
1 0 0 1 2 1 2 1 2 1 2 1 2 0 
1 0 0 1 2 1 2 1 2 1 2 1 2 0 
1 0 0 1 2 1 2 1 2 1 2 1 2 0 
1 0 0 1 2 1 2 1 2 1 2 1 2 0 
1 0 0 1 2 1 2 1 2 1 2 1 2 0 
1 0 0 1 2 1 2 1 2 1 2 1 2 0 
1 0 0 1 2 1 2 1 2 1 2 1 2 0 
1 0 0 1 2 1 2 1 2 1 2 1 2 0 
1 0 0 1 2 1 2 1 2 1 2 1 2 0 
1 0 0 1 3 1 2 1 2 1 2 1 2 0 
1 0 0 1 3 1 2 1 2 1 2 1 2 0 
1 0 0 1 3 1 2 1 2 1 2 1 2 0 
1 0 0 1 3 1 2 1 2 1 2 1 2 0 
1 0 0 1 3 1 2 1 2 1 2 1 2 0 
1 0 0 1 3 1 2 1 2 1 2 1 2 0 
1 0 0 1 3 1 2 1 2 1 2 1 2 0 
1 0 0 1 3 1 2 1 2 1 2 1 2 0 
1 0 0 1 3 1 2 1 2 1 2 1 2 0 
1 0 0 1 3 1 2 1 2 1 2 1 2 0 
1 0 0 1 3 1 2 1 2 1 2 1 2 0 
1 0 0 1 3 1 2 1 2 1 2 1 2 0 
1 0 0 1 3 1 2 1 2 1 2 1 2 0 
1 0 0 1 3 1 2 1 2 1 2 1 2 0 
1 0 0 1 3 1 2 1 2 1 2 1 2 0 
1 0 0 1 3 1 2 1 2 1 2 1 2 0 
1 0 0 1 3 1 2 1 2 1 2 1 2 0 
1 0 0 2 3 1 2 1 2 1 2 1 2 0 
1 0 0 2 3 1 2 1 2 1 2 1 2 0 
1 0 0 2 3 1 2 1 2 1 2 1 2 0 
1 0 0 2 3 1 2 1 2 1 2 1 2 0 
1 0 0 2 3 1 2 1 2 1 2 1 2 0 
1 0 0 2 3 1 2 1 2 1 2 1 2 0 
1 0 0 2 3 1 2 1 2 1 2 1 2 0 
1 0 0 2 3 1 2 1 2 1 2 1 2 0 
1 0 0 2 3 1 2 1 2 1 2 1 2 0 
1 0 0 2 3 1 2 1 2 1 2 1 2 0 
1 0 0 2 3 1 2 1 2 1 2 1 2 0 
1 0 0 2 3 1 2 1 2 1 2 1 2 0 
1 0 0 2 3 1 2 1 2 1 2 1 2 0 
1 0 0 2 3 1 2 1 2 1 2 1 2 0 
1 0 0 2 3 1 2 1 2 1 2 1 2 0 
1 0 0 2 3 1 2 1 2 1 2 1 2 0 
1 0 0 2 3 1 2 1 2 1 2 1 2 0 
1 0 0 2 3 1 2 1 2 1 2 1 2 0 
1 0 0 2 3 1 2 1 2 1 2 1 2 0 
1 0 0 2 3 1 2 1 2 1 2 1 2 0 
1 0 0 2 3 1 2 1 2 1 2 1 2 0 
1 0 0 2 3 1 2 1 2 1 2 1 2 0 
1 0 0 2 3 1 2 1 2 1 2 1 2 0 
1 0 0 2 3 1 2 1 2 1 2 1 2 0 
1 0 0 2 3 1 2 1 2 1 2 1 2 0 
1 0 0 2 3 1 2 1 2 1 2 1 2 0 
1 0 0 2 3 1 2 1 2 1 2 1 2 0 
1 0 0 2 3 1 2 1 2 1 2 1 2 0 
1 0 0 2 3 1 2 1 2 1 2 1 2 0 
1 0 0 2 3 1 2 1 2 1 2 1 2 0 
1 0 0 2 3 1 2 1 2 1 2 1 2 0 
1 0 0 2 3 1 2 1 2 1 2 1 2 0 
1 0 0 2 3 1 2 1 2 1 2 1 2 0 
1 0 0 2 3 1 2 1 2 1 2 1 2 0 
1 0 0 2 3 1 2 1 2 1 2 1 2 0 
1 0 0 2 3 1 2 1 2 1 2 1 2 0 
1 0 0 2 3 1 2 1 2 1 2 1 2 0 
1 0 0 2 3 1 2 1 2 1 2 1 2 0 
1 0 0 2 3 1 2 1 2 1 2 1 2 0 
1 0 0 2 3 1 2 1 2 1 2 1 2 0 
1 0 0 2 3 1 2 1 2 1 2 1 2 0 
1 0 0 2 3 1 2 1 2 1 2 1 2 0 
1 0 0 2 3 1 2 1 2 1 2 1 2 0 
1 0 0 2 3 1 2 1 2 1 2 1 2 0 
1 0 0 2 3 1 2 1 2 1 2 1 2 0 
1 0 0 2 3 1 2 1 2 1 2 1 2 0 
1 0 0 2 3 1 2 1 2 1 2 1 2 0 
1 0 0 2 3 1 2 1 2 1 2 1 2 0 
1 0 0 1 3 1 2 1 2 1 2 1 2 0 
1 0 0 1 3 1 2 1 2 1 2 1 2 0 
1 0 0 1 3 1 2 1 2 1 2 1 2 0 
1 0 0 1 3 1 2 1 2 1 2 1 2 0 
1 0 0 1 3 1 2 1 2 1 2 1 2 0 
1 0 0 1 3 1 2 1 2 1 2 1 2 0 
1 0 0 1 3 1 2 1 2 1 2 1 2 0 
1 0 0 1 2 1 2 1 2 1 2 1 2 0 
1 0 0 1 2 1 2 1 2 1 2 1 2 0 
1 0 0 1 2 1 2 1 2 1 2 1 2 0 
1 0 0 1 2 1 2 1 2 1 2 1 2 0 
1 0 0 1 2 1 2 1 2 1 2 1 2 0 
1 0 0 1 2 1 2 1 2 1 2 1 2 0 
1 0 0 1 2 1 2 1 2 1 2 1 2 0 
1 0 0 1 2 1 2 1 2 1 2 1 2 0 
1 0 0 1 2 1 2 1 2 1 2 1 2 0 
1 0 0 1 2 1 2 1 2 1 2 1 2 0 
1 0 0 1 2 1 2 1 2 1 2 1 2 0 
1 0 0 0 2 1 2 1 2 1 2 1 2 0 
1 0 0 0 2 1 2 1 2 1 2 1 2 0 
1 0 0 1 2 1 2 1 2 1 2 1 2 0 
1 0 0 1 2 1 2 1 2 1 2 1 2 0 
1 0 0 1 2 1 2 1 2 1 2 1 2 0 
1 0 0 1 2 1 2 1 2 1 2 1 2 0 
1 0 0 1 2 1 2 1 2 1 2 1 2 0 
1 0 0 1 2 1 2 1 2 1 2 1 2 0 
1 0 0 1 2 1 2 1 2 1 2 1 2 0 
1 0 0 1 2 1 2 1 2 1 2 1 2 0 
1 0 0 1 2 1 2 1 2 1 2 1 2 0 
1 0 0 1 2 1 2 1 2 1 2 1 2 0 
1 0 0 1 2 1 2 1 2 1 2 1 2 0 
1 0 0 1 2 1 2 1 2 1 2 1 2 0 
1 0 0 1 2 1 2 1 2 1 2 1 2 0 
1 0 0 1 2 1 2 1 2 1 2 1 2 0 
1 0 0 1 2 1 2 1 2 1 2 1 2 0 
1 0 0 1 3 1 2 1 2 1 2 1 2 0 
1 0 0 1 3 1 2 1 2 1 2 1 2 0 
1 0 0 1 3 1 2 1 2 1 2 1 2 0 
1 0 0 1 3 1 2 1 2 1 2 1 2 0 
1 0 0 1 3 1 2 1 2 1 2 1 2 0 
1 0 0 1 3 1 2 1 2 1 2 1 2 0 
1 0 0 1 3 1 2 1 2 1 2 1 2 0 
1 0 0 1 3 1 2 1 2 1 2 1 2 0 
1 0 0 1 3 1 2 1 2 1 2 1 2 0 
1 0 0 1 3 1 2 1 2 1 2 1 2 0 
1 0 0 1 3 1 2 1 2 1 2 1 2 0 
1 0 0 1 3 1 2 1 2 1 2 1 2 0 
1 0 0 1 3 1 2 1 2 1 2 1 2 0 
1 0 0 1 3 1 2 1 2 1 2 1 2 0 
1 0 0 1 3 1 2 1 2 1 2 1 2 0 
1 0 0 1 3 1 2 1 2 1 2 1 2 0 
1 0 0 1 3 1 2 1 2 1 2 1 2 0 
1 0 0 1 3 1 2 1 2 1 2 1 2 0 
1 0 0 1 2 1 2 1 2 1 2 1 2 0 
1 0 0 1 2 1 2 1 2 1 2 1 2 0 
1 0 0 1 2 1 2 1 2 1 2 1 2 0 
1 0 0 1 2 1 2 1 2 1 2 1 2 0 
1 0 0 1 2 1 2 1 2 1 2 1 2 0 
1 0 0 1 2 1 2 1 2 1 2 1 2 0 
1 0 0 1 2 1 2 1 2 1 2 1 2 0 
1 0 0 1 2 1 2 1 2 1 2 1 2 0 
1 0 0 1 2 1 2 1 2 1 2 1 2 0 
1 0 0 1 2 1 2 1 2 1 2 1 2 0 
1 0 0 1 2 1 2 1 2 1 2 1 2 0 
1 0 0 1 2 1 2 1 2 1 2 1 2 0 
1 0 0 1 2 1 2 1 2 1 2 1 2 0 
1 0 0 1 2 1 2 1 2 1 2 1 2 0 
1 0 0 1 2 1 2 1 2 1 2 1 2 0 
1 0 0 1 2 1 2 1 2 1 2 1 2 0 
1 0 0 1 2 1 2 1 2 1 2 1 2 0 
1 0 0 1 2 1 2 1 2 1 2 1 2 0 
1 0 0 1 2 1 2 1 2 1 2 1 2 0 
1 0 0 1 2 1 2 1 2 1 2 1 2 0 
1 0 0 1 2 1 2 1 2 1 2 1 2 0 
1 0 0 1 2 1 2 1 2 1 2 1 2 0 
1 0 0 1 2 1 2 1 2 1 2 1 2 0 
1 0 0 1 2 1 2 1 2 1 2 1 2 0 
1 0 0 1 2 1 2 1 2 1 2 1 2 0 
1 0 0 1 2 1 2 1 2 1 2 1 2 0 
1 0 0 1 2 1 2 1 2 1 2 1 2 0 
1 0 0 1 2 1 2 1 2 1 2 1 2 0 
1 0 0 1 3 1 2 1 2 1 2 1 2 0 
1 0 0 1 3 1 2 1 2 1 2 1 2 0 
1 0 0 1 3 1 2 1 2 1 2 1 2 0 
1 0 0 1 3 1 2 1 2 1 2 1 2 0 
1 0 0 1 3 1 2 1 2 1 2 1 2 0 
1 0 0 1 3 1 2 1 2 1 2 1 2 0 
1 0 0 2 3 1 2 1 2 1 2 1 2 0 
1 0 0 2 3 1 2 1 2 1 2 1 2 0 
1 0 0 2 3 1 2 1 2 1 2 1 2 0 
1 0 0 2 3 1 2 1 2 1 2 1 2 0 
1 0 0 2 3 1 2 1 2 1 2 1 2 0 
1 0 0 2 3 1 2 1 2 1 2 1 2 0 
1 0 0 2 3 1 2 1 2 1 2 1 2 0 
1 0 0 2 3 1 2 1 2 1 2 1 2 0 
1 0 0 2 3 1 2 1 2 1 2 1 2 0 
1 0 0 2 3 1 2 1 2 1 2 1 2 0 
1 0 0 2 3 1 2 1 2 1 2 1 2 0 
1 0 0 2 3 1 2 1 2 1 2 1 2 0 
1 0 0 2 3 1 2 1 2 1 2 1 2 0 
1 0 0 2 3 1 2 1 2 1 2 1 2 0 
1 0 0 2 3 1 2 1 2 1 2 1 2 0 
1 0 0 2 3 1 2 1 2 1 2 1 2 0 
1 0 0 2 3 1 2 1 2 1 2 1 2 0 
1 0 0 2 3 1 2 1 2 1 2 1 2 0 
1 0 0 2 3 1 2 1 2 1 2 1 2 0 
1 0 0 2 3 1 2 1 2 1 2 1 2 0 
1 0 0 2 3 1 2 1 2 1 2 1 2 0 
1 0 0 2 3 1 2 1 2 1 2 1 2 0 
1 0 0 2 3 1 2 1 2 1 2 1 2 0 
1 0 0 2 3 1 2 1 2 1 2 1 2 0 
1 0 0 2 3 1 2 1 2 1 2 1 2 0 
1 0 0 2 3 1 2 1 2 1 2 1 2 0 
1 0 0 2 3 1 2 1 2 1 2 1 2 0 
1 0 0 2 3 1 2 1 2 1 2 1 2 0 
1 0 0 2 3 1 2 1 2 1 2 1 2 0 
1 0 0 2 3 1 2 1 2 1 2 1 2 0 
1 0 0 2 3 1 2 1 2 1 2 1 2 0 
1 0 0 2 3 1 2 1 2 1 2 2 2 0 
1 0 0 2 3 1 2 1 2 1 2 2 2 0 
1 0 0 2 3 1 2 1 2 1 2 2 2 0 
1 0 0 2 3 1 2 1 2 1 2 2 2 0 
1 0 0 2 3 1 2 1 2 1 2 2 2 0 
1 0 0 2 2 1 2 1 2 1 2 2 2 0 
1 0 0 1 2 1 2 1 2 1 2 2 2 0 
1 0 0 1 2 1 2 1 2 1 2 2 2 0 
1 0 0 1 2 1 2 1 2 1 2 2 2 0 
1 0 0 1 2 1 2 1 2 1 2 1 2 0 
1 0 0 1 2 1 2 1 2 1 2 1 2 0 
1 0 0 1 2 1 2 1 2 1 2 1 2 0 
1 0 0 1 2 1 2 1 2 1 2 1 2 0 
1 0 0 1 2 1 2 1 2 1 2 1 2 0 
1 0 0 1 2 1 2 1 2 1 2 1 2 0 
1 0 0 1 2 1 2 1 2 1 2 1 2 0 
1 0 0 1 2 1 2 1 2 1 2 1 2 0 
1 0 0 1 2 1 2 1 2 1 2 1 2 0 
1 0 0 1 2 1 2 1 2 1 2 1 2 0 
1 0 0 1 2 1 2 1 2 1 2 1 2 0 
1 0 0 1 2 1 2 1 2 1 2 1 2 0 
1 0 0 1 2 1 2 1 2 1 2 1 2 0 
1 0 0 1 2 1 2 1 2 1 2 1 2 0 
1 0 0 1 2 1 2 1 2 1 2 1 2 0 
1 0 0 1 2 1 2 1 2 1 2 1 2 0 
1 0 0 1 2 1 2 1 2 1 2 1 2 0 
1 0 0 1 2 1 2 1 2 1 2 1 2 0 
1 0 0 1 2 1 2 1 2 1 2 1 2 0 
1 0 0 1 2 1 2 1 2 1 2 1 2 0 
1 0 0 1 2 1 2 1 2 1 2 1 2 0 
1 0 0 1 2 1 2 1 2 1 2 1 2 0 
1 0 0 1 2 1 2 1 2 1 2 1 2 0 
1 0 0 1 2 1 2 1 2 1 2 1 2 0 
1 0 0 1 2 1 2 1 2 1 2 1 2 0 
1 0 0 1 2 1 2 1 2 1 2 1 2 0 
1 0 0 1 2 1 2 1 2 1 2 1 2 0 
1 0 0 1 2 1 2 1 2 1 2 1 2 0 
1 0 0 1 2 1 2 1 2 1 2 1 2 0 
1 0 0 1 2 1 2 1 2 1 2 1 2 0 
1 0 0 1 2 1 2 1 2 1 2 1 2 0 
1 0 0 1 2 1 2 1 2 1 2 1 2 0 
1 0 0 1 2 1 2 1 2 1 2 1 2 0 
1 0 0 1 2 1 2 1 2 1 2 1 2 0 
1 0 0 1 2 1 2 1 2 1 2 1 2 0 
1 0 0 1 2 1 2 1 2 1 2 1 2 0 
1 0 0 1 2 1 2 1 2 1 2 1 2 0 
1 0 0 1 2 1 2 1 2 1 2 1 2 0 
1 0 0 1 2 1 2 1 2 1 2 1 2 0 
1 0 0 1 2 1 2 1 2 1 2 1 2 0 
1 0 0 1 2 1 2 1 2 1 2 1 2 0 
1 0 0 1 2 1 2 1 2 1 2 1 2 0 
1 0 0 1 2 1 2 1 2 1 2 1 2 0 
1 0 0 1 2 1 2 1 2 1 2 1 2 0 
1 0 0 1 2 1 2 1 2 1 2 1 2 0 
1 0 0 1 2 1 2 1 2 1 2 1 2 0 
1 0 0 1 2 1 2 1 2 1 2 1 2 0 
1 0 0 1 2 1 2 1 2 1 2 1 2 0 
1 0 0 1 2 1 2 1 2 1 2 1 2 0 
1 0 0 1 2 1 2 1 2 1 2 1 2 0 
1 0 0 1 2 1 2 1 2 1 2 1 2 0 
1 0 0 1 2 1 2 1 2 1 2 1 2 0 
1 0 0 1 3 1 2 1 2 1 2 1 2 0 
1 0 0 1 3 1 2 1 2 1 2 1 2 0 
1 0 0 1 3 1 2 1 2 1 2 1 2 0 
1 0 0 1 3 1 2 1 2 1 2 1 2 0 
1 0 0 1 3 1 2 1 2 1 2 1 2 0 
1 0 0 1 3 1 2 1 2 1 2 1 2 0 
1 0 0 2 3 1 2 1 2 1 2 1 2 0 
1 0 0 2 3 1 2 1 2 1 2 1 2 0 
1 0 0 2 3 1 2 1 2 1 2 1 2 0 
1 0 0 2 3 1 2 1 2 1 2 1 2 0 
1 0 0 2 3 1 2 1 2 1 2 1 2 0 
1 0 0 2 3 1 2 1 2 1 2 1 2 0 
1 0 0 2 3 1 2 1 2 1 2 1 2 0 
1 0 0 2 3 1 2 1 2 1 2 1 2 0 
1 0 0 2 3 1 2 1 2 1 2 1 2 0 
1 0 0 2 3 1 2 1 2 1 2 1 2 0 
1 0 0 1 3 1 2 1 2 1 2 1 2 0 
1 0 0 1 3 1 2 1 2 1 2 1 2 0 
1 0 0 1 2 1 2 1 2 1 2 1 2 0 
1 0 0 1 2 1 2 1 2 1 2 1 2 0 
1 0 0 1 2 1 2 1 2 1 2 1 2 0 
1 0 0 1 2 1 2 1 2 1 2 1 2 0 
1 0 0 1 2 1 2 1 2 1 2 1 2 0 
1 0 0 1 2 1 2 1 2 1 2 1 2 0 
1 0 0 1 2 1 2 1 2 1 2 1 2 0 
1 0 0 1 2 1 2 1 2 1 2 1 2 0 
1 0 0 1 2 1 2 1 2 1 2 1 2 0 
1 0 0 1 2 1 2 1 2 1 2 1 2 0 
1 0 0 1 2 1 2 1 2 1 2 1 2 0 
1 0 0 1 2 1 2 1 2 1 2 1 2 0 
1 0 0 1 2 1 2 1 2 1 2 1 2 0 
1 0 0 1 2 1 2 1 2 1 2 1 2 0 
1 0 0 1 2 1 2 1 2 1 2 1 2 0 
1 0 0 1 2 1 2 1 2 1 2 1 2 0 
1 0 0 1 2 1 2 1 2 1 2 1 2 0 
1 0 0 1 2 1 2 1 2 1 2 1 2 0 
1 0 0 1 2 1 2 1 2 1 2 1 2 0 
1 0 0 1 2 1 2 1 2 1 2 1 2 0 
1 0 0 1 2 1 2 1 2 1 2 1 2 0 
1 0 0 1 2 1 2 1 2 1 2 1 2 0 
1 0 0 1 2 1 2 1 2 1 2 1 2 0 
1 0 0 1 2 1 2 1 2 1 2 1 2 0 
1 0 0 1 2 1 2 1 2 1 2 1 2 0 
1 0 0 1 2 1 2 1 2 1 2 1 2 0 
1 0 0 1 2 1 2 1 2 1 2 1 2 0 
1 0 0 1 2 1 2 1 2 1 2 1 2 0 
1 0 0 1 2 1 2 1 2 1 2 1 2 0 
1 0 0 1 2 1 2 1 2 1 2 1 2 0 
1 0 0 1 2 1 2 1 2 1 2 1 2 0 
1 0 0 1 2 1 2 1 2 1 2 1 2 0 
1 0 0 1 2 1 2 1 2 1 2 1 2 0 
1 0 0 1 2 1 2 1 2 1 2 1 2 0 
1 0 0 1 2 1 2 1 2 1 2 1 2 0 
1 0 0 1 2 1 2 1 2 1 2 1 2 0 
1 0 0 1 2 1 2 1 2 1 2 1 2 0 
1 0 0 1 2 1 2 1 2 1 2 1 2 0 
1 0 0 1 2 1 2 2 2 1 2 1 2 0 
1 0 0 1 2 2 2 4 2 2 2 3 2 0 
1 0 0 2 2 4 2 5 3 4 2 4 2 0 
1 0 0 2 2 7 3 7 3 7 3 7 3 4 
1 1 0 3 2 8 4 9 4 8 4 9 4 4 
1 1 0 3 3 9 4 9 4 9 4 9 4 4 
1 1 0 3 3 10 5 10 5 10 5 10 5 4 
1 1 0 3 3 10 5 10 6 10 6 10 6 4 
1 1 0 3 3 10 6 10 6 10 6 10 6 4 
1 1 0 3 3 10 6 10 6 10 6 10 6 4 
1 1 0 3 3 10 6 10 6 10 6 10 6 4 
1 1 0 3 3 10 6 10 6 10 6 10 6 4 
1 1 0 3 3 10 6 10 6 10 6 10 6 4 
1 1 0 3 3 10 6 10 6 10 6 10 6 4 
1 1 0 3 3 10 6 10 6 10 6 10 6 4 
